0.8005 1.0655 1.2971 0.4598 -0.9297 -0.7321 -0.9125 -0.0545 0.4186 -0.3710 0.2115 -0.7910 1.6898 0.9816 0.3003 -0.3114 -0.2805 1.1466 -0.9479 0.4302 -0.0682 0.8205 1.5127 -0.1304 1.3464
-0.0396 -0.9385 -1.0822 -0.5535 -0.1776 -0.4029 1.5644 -0.8303 -1.4366 -1.9385 0.3064 1.0000 1.2707 -2.5751 -2.7206 -1.9874 -4.2668 -3.5379 -2.1082 -1.3526 -1.9778 -2.3140 -4.6730 -1.1618 -3.1023
1.7933 1.0655 0.9345 -0.1192 -0.9587 -0.7189 -0.6802 -0.0545 0.0602 -0.5452 0.0142 -0.6290 1.6214 1.0367 0.8873 0.2276 -0.6516 1.4920 -1.2655 0.7710 -0.5307 1.0409 1.2414 0.3212 1.0686
-1.8724 -0.9385 -0.2438 -0.7707 0.2563 0.5254 -0.7576 0.7213 0.4771 -0.1968 0.5939 -0.6872 1.7006 -0.5380 -2.3144 -2.1709 -0.1547 -1.9821 -0.6683 -2.0516 -0.2236 -1.7752 -2.1134 -1.7537 -2.6042
0.1132 -0.9385 -0.7649 0.4598 0.0827 0.3279 0.1712 -0.0545 -0.6726 -0.9806 0.2115 0.1703 1.4650 -1.2531 -1.4565 -0.2474 -1.7404 -1.6920 -0.6918 -0.3382 -0.1423 -1.6457 -2.0523 -0.4951 -1.2615
-1.9488 -0.9385 -0.8556 -0.4087 -1.4504 -1.6669 0.8678 -1.6061 -0.8658 -2.0256 0.1671 0.7629 1.4193 -4.3126 -6.7091 -5.6968 -7.2853 -6.5224 -4.3001 -4.1565 -3.4557 -4.5230 -7.1651 -4.2095 -5.2726
-0.9560 1.0655 -0.9915 -0.3364 -0.8430 -0.5214 0.0164 -0.8303 -1.3227 -0.8064 0.1131 0.0164 1.3022 -1.4712 -2.6367 -3.0737 -2.4729 -2.5832 -2.4026 -2.4684 -1.8834 -2.6602 -3.4040 -2.2936 -2.4495
1.3351 1.0655 -0.0398 1.4008 1.9052 2.2898 0.4808 0.3722 -0.7530 0.0644 1.9623 0.4625 1.4462 2.6218 5.7403 4.6333 5.2026 4.0623 3.3582 3.9054 2.9170 2.4996 4.6455 3.8433 4.3571
0.8769 1.0655 1.2971 -0.8430 -0.2933 0.1304 -0.6028 -0.0545 -0.3144 0.2386 0.7107 -0.5670 1.5445 1.0419 1.4834 0.2575 1.2912 1.4408 -0.0806 -0.0407 -0.5307 1.3006 1.7305 0.2395 0.7186
-1.4906 -0.9385 0.8212 -0.6983 -0.2644 -0.7255 -0.5254 -0.0545 1.4241 -0.2839 0.4876 -0.5016 1.8601 -0.7070 -2.4940 -2.7253 -1.7667 -1.8620 -1.4222 -1.6384 -0.8074 -0.7679 -1.2829 -1.6710 -2.0367
-2.0252 -0.9385 -1.7620 0.1703 -2.1736 -1.9039 -0.2932 -1.6061 -1.3227 -0.7193 0.0290 -0.2891 1.3022 -5.2187 -8.2757 -5.6701 -7.5868 -7.1470 -4.3770 -5.4479 -3.4834 -6.0755 -7.7913 -5.5027 -5.8288
0.5714 1.0655 0.3680 -0.6983 -0.1487 0.9665 -1.3769 1.4971 -2.0274 -1.2418 0.4876 -0.9813 1.0894 1.0319 -0.4626 -0.7810 1.3668 0.1601 -1.0060 -1.2937 -0.0981 -1.2298 -1.1110 -0.8633 -1.1494
0.3423 -0.9385 -0.6063 -0.1916 -0.0908 -0.2054 0.9452 -0.8303 -0.6465 -0.8935 0.0367 0.8106 1.4710 -1.8372 -1.3538 -0.5845 -2.8153 -2.0465 -1.0497 -0.4799 -1.1841 -1.1572 -2.3412 -0.4453 -1.6134
0.1132 1.0655 -0.0398 0.1703 -0.0908 -0.3305 -0.0610 -0.0545 0.8072 -0.2839 0.0290 -0.0610 1.7591 1.3153 1.1982 -0.1698 0.3867 1.3133 -0.4741 1.0377 0.2774 0.8126 1.1314 0.6139 1.1123
0.9532 -0.9385 -0.5383 -0.2640 0.3720 -0.0013 1.7192 -0.8303 -0.6726 -1.5901 0.0697 0.9890 1.4650 -1.3233 -0.0423 0.1839 -2.6429 -1.3482 -0.8113 0.7709 -0.9562 -0.2700 -1.8803 0.7388 -0.9499
-1.1087 1.0655 -0.3797 1.6903 1.8762 2.2635 -0.8350 2.2729 0.7580 -0.8935 2.8572 -0.7413 1.7506 3.9220 3.3316 1.8220 5.6982 3.2829 2.2495 2.8363 4.0879 0.8907 3.0455 2.2535 3.0841
-0.1159 -0.9385 0.8892 1.0389 0.5166 -0.5016 1.5644 -0.8303 1.0991 0.5869 1.0793 1.0000 1.8081 -0.3660 1.2985 1.7042 0.0646 0.6342 1.9951 1.9173 0.8873 2.1293 2.0795 1.6537 2.3047
1.4878 1.0655 0.2547 1.1837 0.7191 1.0389 -0.8350 0.7213 0.5754 -0.0227 1.4011 -0.7413 1.7184 2.8657 3.9572 3.0177 3.3544 3.8419 1.3973 3.1892 2.3323 2.0301 4.1408 2.5546 3.5485
-0.8033 -0.9385 -0.2211 -0.7707 -0.7851 -0.4095 -0.6028 -0.0545 -0.3809 -0.3710 0.5939 -0.5670 1.5302 -1.9316 -3.6232 -2.5385 -2.7023 -3.0278 -1.8760 -2.7617 -1.5941 -2.4196 -3.3835 -2.5360 -3.2512
-0.5742 -0.9385 -0.3797 -0.8430 -0.0619 -0.2383 0.7904 -0.8303 -0.1880 -1.1547 0.7107 0.7106 1.5711 -1.8524 -2.1033 -2.1047 -3.0990 -2.7923 -1.7606 -1.3776 -1.6962 -1.5361 -3.0446 -1.2113 -2.7098
-1.0324 -0.9385 -1.1955 -0.9154 -0.9587 -0.9098 0.0164 -0.8303 -0.2502 0.3257 0.8380 0.0164 1.5581 -2.7758 -3.9203 -2.7291 -3.6843 -3.5956 -1.9908 -3.0369 -2.2508 -2.7355 -4.0825 -2.7299 -3.6867
-1.7961 1.0655 -0.4704 0.0255 -0.7851 -0.5543 0.3260 -0.8303 -1.5164 -0.3710 0.0007 0.3202 1.2481 -1.7313 -2.9400 -3.1356 -1.7397 -2.8378 -1.4375 -2.8589 -1.5745 -2.4458 -3.1443 -2.4989 -1.9648
-1.7961 -0.9385 -0.0852 -0.1916 -0.0619 0.1633 0.4808 -0.8303 -1.2862 -0.2839 0.0367 0.4625 1.3121 -2.8127 -3.3452 -2.3374 -2.0153 -3.8442 -0.6092 -2.9161 -1.3696 -2.5344 -3.3567 -2.3003 -2.8443
0.9532 1.0655 1.2744 0.6529 0.6034 -0.9954 -1.1447 1.4971 2.8088 2.8511 0.4262 -0.9106 2.0552 4.3158 4.5336 3.5013 5.3570 6.3359 3.1294 3.6121 3.2710 4.7952 7.2604 3.2848 5.1650
-1.3379 -0.9385 0.7533 -0.4811 -0.6405 -0.3963 -0.1384 -0.0545 -0.5456 -1.1547 0.2315 -0.1380 1.4939 -1.9541 -3.8631 -3.0855 -2.7113 -3.4411 -1.7340 -2.7558 -1.4563 -2.1320 -3.3982 -2.5502 -2.9228
-1.4142 1.0655 -0.2664 -0.8430 -0.3223 0.0975 -1.2221 0.7213 0.4036 -0.7193 0.7107 -0.9398 1.6871 0.9402 -1.3624 -2.9173 0.1722 -0.6395 -1.9068 -1.6935 -0.5116 -1.4347 -1.4499 -1.7039 -1.7863
-2.2543 -0.9385 -1.6260 -0.5535 -1.8844 -2.0224 0.5582 -1.6061 -0.8950 -0.1097 0.3064 0.5296 1.4122 -4.8324 -7.1926 -5.2315 -6.6787 -6.4527 -3.4389 -5.0588 -3.5836 -4.7643 -7.1574 -4.7942 -5.4030
-0.4978 -0.9385 1.2518 -0.8430 -0.9008 -0.9164 0.2486 -0.8303 -0.3363 0.8482 0.7107 0.2460 1.5398 -2.2034 -2.3854 -1.3140 -1.9259 -2.1644 -0.2390 -2.3236 -1.8109 -0.2969 -1.3064 -1.7625 -1.5750
1.1060 -0.9385 -0.4477 -1.5669 -0.8430 -0.7913 -0.1384 -0.8303 -0.0128 -1.1547 2.4551 -0.1380 1.6069 -1.7567 -2.2554 -2.0199 -4.4996 -2.3433 -3.2603 -1.4379 -2.6144 -1.5814 -3.1287 -1.4499 -3.3833
1.4115 1.0655 -0.1305 1.3284 -0.9008 -2.0159 1.1000 -1.6061 1.2493 1.1094 1.7647 0.8912 1.8325 0.2923 1.9475 1.6902 -1.3205 2.1241 0.3278 2.5456 0.0321 2.3352 2.7058 1.6707 3.4006
-1.2615 -0.9385 0.9345 -0.4087 -0.2066 -0.1593 0.4808 -0.8303 -0.5703 -0.1968 0.1671 0.4625 1.4883 -2.1661 -2.4357 -1.8670 -1.7563 -2.8324 -0.4073 -2.1777 -1.3389 -1.0993 -1.9364 -1.6998 -1.9010
-0.4978 -0.9385 -1.3768 -1.7116 -0.8140 -1.1271 1.2548 -1.6061 -0.7806 -0.8935 2.9297 0.9505 1.4397 -3.4208 -3.8012 -3.4317 -5.5463 -4.4561 -3.1393 -2.9024 -3.5326 -2.7661 -5.4712 -2.4402 -4.6846
0.7241 1.0655 2.6340 0.6046 -1.1322 -0.2712 -2.1509 2.2729 0.0057 0.5869 0.3655 -0.8364 1.6106 2.5355 0.4426 1.0275 3.3132 2.8671 1.1643 0.1225 1.5884 1.8197 3.0187 -0.1426 2.6827
0.6478 -0.9385 -1.0595 -0.0468 -0.9297 -1.8908 2.4932 -1.6061 -0.3809 0.0644 0.0022 0.6039 1.5302 -2.7954 -1.6561 -0.1632 -4.5135 -2.1066 -0.6490 -0.0987 -1.9491 -0.2101 -2.7362 -0.1673 -0.8248
0.3423 -0.9385 -1.3314 -1.2050 -1.2190 -1.0283 0.1712 -0.8303 -1.2503 -1.4160 1.4519 0.1703 1.3217 -3.1077 -4.4459 -3.1671 -5.7299 -4.2450 -3.7452 -2.9152 -3.0907 -3.4930 -5.6938 -2.7584 -4.7019
1.0296 1.0655 -0.6516 -1.0361 1.0373 -0.0869 2.8028 -1.1251 0.4480 0.4128 1.0734 0.3323 1.6953 1.3317 4.8175 2.2224 1.4089 2.7124 1.5312 3.0114 -0.2605 3.4367 2.2638 3.3226 2.2964
0.2659 -0.9385 0.4813 1.1113 0.1695 -0.6004 0.7904 -0.8303 1.1505 -0.5452 1.2349 0.7106 1.8165 -0.5340 0.1490 0.5525 -1.6993 -0.1812 0.0548 1.5734 0.4453 0.7682 0.8120 0.8984 1.1208
-0.1923 -0.9385 0.2321 -1.2050 -0.5248 -0.9032 0.6356 -0.8303 0.3582 -0.1097 1.4519 0.5937 1.6786 -1.6465 -1.7881 -1.6287 -2.8126 -1.9693 -1.3026 -1.3520 -1.9024 -0.4101 -1.9440 -1.1061 -2.0920
-0.0396 1.0655 1.5010 2.0522 1.8473 1.5854 -0.4480 1.4971 1.5016 0.4998 4.2117 -0.4332 1.8720 4.3760 5.5607 3.9694 6.8176 5.3896 4.0416 4.4258 4.5172 3.8938 6.8453 3.8475 5.9146
-0.0396 1.0655 0.3001 -1.5669 0.0538 0.1304 -0.2932 -0.0545 0.4036 0.0644 2.4551 -0.2891 1.6871 1.1853 1.2270 -0.9415 0.9463 0.9178 -0.7592 -0.3513 -0.8763 0.7786 0.6172 0.0002 -0.5048
0.1132 1.0655 -0.1758 0.4598 1.1531 1.5393 -0.5254 0.7213 0.2639 1.9802 0.2115 -0.5016 1.6609 2.4877 4.2253 3.3215 5.6054 3.7461 3.3135 1.9521 2.3226 2.1747 4.3470 2.2187 3.2137
-2.1016 -0.9385 -1.4221 -2.2907 -1.5662 -1.5287 0.3260 -0.8303 -1.0484 -0.1968 5.2472 0.3202 1.3741 -4.0766 -6.6834 -5.6170 -5.6245 -6.0661 -3.6531 -5.6770 -4.1364 -4.4021 -7.5105 -4.8044 -6.6511
-1.2615 1.0655 -0.2211 -0.3122 -1.0455 -0.4951 -1.2221 0.3334 -0.2085 -0.7193 0.0975 -0.9398 1.5668 -0.1079 -2.7205 -3.3005 -1.2495 -1.5966 -2.3717 -2.3863 -1.0193 -2.1832 -2.3528 -2.5187 -1.9861
0.4187 -0.9385 -0.4930 -1.4945 0.4299 -0.2120 2.4932 -1.6061 -0.8950 1.5448 2.2335 0.6039 1.4122 -2.1294 0.9856 1.3415 -0.6981 -0.8366 1.5978 -0.2904 -1.7345 1.1633 -0.6105 0.8313 -0.6829
0.9532 1.0655 1.4330 0.1703 -0.3512 0.0975 -1.6091 1.4971 0.6819 -0.3710 0.0290 -0.9993 1.7373 2.7285 1.5200 0.6696 2.2491 2.7693 -0.0312 1.1524 1.2278 1.5340 2.6034 0.6750 1.9245
0.5714 1.0655 -0.7423 0.6770 -0.2355 0.0316 -0.2158 -0.0545 -0.3144 -1.0677 0.4583 -0.2142 1.5445 0.6628 0.4136 -0.1812 -0.5379 0.4478 -1.1429 0.7550 0.1638 -0.5991 -0.2551 0.2082 0.4933
-1.1851 -0.9385 -0.2438 -0.6983 -0.9876 -1.0020 0.0938 -0.8303 -0.1678 -1.8514 0.4876 0.0936 1.5753 -2.6784 -4.7979 -4.3529 -5.2728 -4.5440 -3.6099 -2.9589 -2.5124 -3.1700 -5.0083 -3.0792 -4.2042
-1.6433 -0.9385 -1.5354 -1.2050 -1.7687 -1.5616 -0.5254 -0.8303 -0.3809 -1.7643 1.4519 -0.5016 1.5302 -3.7081 -7.2432 -6.2196 -7.2227 -6.2641 -5.3624 -4.8361 -3.6611 -5.3167 -7.6874 -4.9223 -6.5383
1.4115 1.0655 -0.8782 0.2427 0.0538 0.1238 0.8678 -0.8303 -1.2503 -0.4581 0.0589 0.7629 1.3217 0.0293 1.6898 1.1549 -0.3426 0.7563 -0.2122 1.1470 -0.3930 0.2215 0.1615 1.1158 0.8777
-0.8796 1.0655 0.3001 -0.1192 -0.2644 0.1304 -1.5317 1.4971 0.7455 -0.2839 0.0142 -0.9992 1.7484 2.0168 -0.2555 -1.2953 1.7711 1.0390 -0.6133 -0.4524 0.8172 -0.1964 0.4320 -0.7115 0.0956
0.7241 -0.9385 -0.1531 0.3151 -0.9297 -0.7847 -0.0610 -0.8303 -0.4498 0.1515 0.0993 -0.0610 1.5152 -2.0860 -2.0712 -0.2285 -2.9568 -1.7646 -0.9406 -0.9399 -1.1223 -1.1645 -1.5395 -1.0944 -1.0647
1.2587 1.0655 0.3454 0.6046 -0.8719 -0.6136 -0.6028 -0.0545 -0.0504 -0.4581 0.3655 -0.5670 1.5993 0.7772 0.4774 0.2644 -0.5823 1.1331 -0.9561 0.7698 -0.0392 0.4039 0.8853 0.1763 1.2509
-1.1087 -0.9385 -0.1985 -0.1192 0.8348 0.9402 0.5582 -0.0545 -0.3809 -0.2839 0.0142 0.5296 1.5302 -0.8902 -0.5592 -0.2961 0.2703 -1.4351 0.6603 -0.6281 0.1234 -0.7995 -1.1094 -0.2406 -1.0799
-0.1923 -0.9385 -0.3344 1.4732 0.2563 0.4661 0.3260 -0.0545 -0.6990 1.0223 2.1703 0.3202 1.4588 -1.1345 -0.2528 1.9294 0.7549 -0.3709 2.1285 0.2642 1.1602 -0.3174 0.3657 0.2956 1.0751
-1.0324 -0.9385 0.5267 0.1703 0.4299 0.3740 1.1000 -0.8303 -0.8658 0.1515 0.0290 0.8912 1.4193 -1.8612 -0.9405 -0.1928 -0.4139 -1.9173 1.0522 -0.9844 -0.4082 -0.4278 -0.9022 -0.4582 -0.6043
-0.8796 -0.9385 -1.0369 -0.7707 -0.1487 -0.4753 1.7966 -0.8303 -1.3978 0.1515 0.5939 0.9746 1.2815 -2.7831 -2.3676 -1.1980 -2.3875 -3.0713 -0.1251 -1.9819 -1.7478 -1.5356 -3.6920 -1.2214 -2.4737
-0.8796 -0.9385 0.8666 -0.5535 -0.6694 -0.6399 -0.7576 0.0619 0.7076 -0.3710 0.3064 -0.6872 1.7418 -1.0349 -2.8236 -2.3373 -2.0512 -2.0190 -1.5139 -1.8932 -0.9989 -1.1062 -1.6601 -1.9382 -2.0641
-0.5742 -0.9385 -1.3314 -1.0602 -1.8844 -2.1936 1.1000 -1.6061 -1.1806 -1.4160 1.1240 0.8912 1.3401 -4.4082 -6.1952 -4.6924 -7.7726 -5.8253 -4.3400 -3.8670 -4.0771 -3.9596 -7.2124 -3.7603 -5.2781
0.8769 -0.9385 -1.3541 0.7494 0.2563 -1.2192 3.8091 -1.6061 -0.0128 -1.0677 0.5616 -0.6190 1.6069 -1.7393 0.7063 1.2976 -3.5890 -0.8894 0.3228 2.4951 -0.6123 1.0137 -1.5527 2.0443 0.9496
1.3351 1.0655 -0.5383 0.2427 1.3555 1.0192 0.6356 -0.0545 0.8072 0.4128 0.0589 0.5937 1.7591 2.6677 5.2999 3.3166 3.3902 3.9916 1.8828 3.7084 1.7000 2.8609 4.0684 3.4921 3.3232
-1.4906 -0.9385 -0.0852 -0.8430 -1.3926 -1.6538 1.1000 -1.6061 -1.0806 -0.7193 0.7107 0.8912 1.3659 -4.1060 -5.4427 -4.2635 -5.6901 -5.3702 -2.7093 -3.9563 -3.3806 -2.9862 -5.5200 -3.5292 -4.2265
-0.8796 1.0655 0.0961 -1.1326 -0.9297 -0.5741 -1.6865 1.4971 0.7704 0.4128 1.2827 -0.9933 1.7527 1.5253 -1.2860 -2.1432 0.9526 0.5306 -1.2482 -1.6891 -0.3006 -0.4606 -0.5855 -1.6417 -1.1138
-0.5742 1.0655 -0.1531 -0.8430 -0.2355 -0.2910 1.2548 -0.8303 -1.7320 -0.5452 0.7107 0.9505 1.1842 -1.0285 -0.7343 -1.6885 -0.9447 -1.4755 -0.7602 -1.5284 -1.7023 -0.7207 -2.0874 -0.8575 -1.2528
-0.7269 -0.9385 -0.7876 -1.2773 0.4299 0.9138 -0.2932 -0.0545 -0.6465 -1.5031 1.6316 -0.2891 1.4710 -1.3237 -2.1654 -2.3692 -1.9257 -2.8740 -2.0842 -2.0117 -1.3603 -2.6262 -3.5094 -1.6077 -3.8347
1.4115 1.0655 -0.5383 -0.8430 -1.3347 -1.2588 -0.0610 -0.8303 -0.4036 0.2386 0.7107 -0.0610 1.5253 -0.4141 -0.3047 -0.6513 -2.1777 0.0679 -1.8730 -0.5670 -1.9185 -0.1347 -0.8354 -0.6224 -0.6176
-0.9560 1.0655 -0.5157 1.2560 0.1117 0.3147 -1.1447 1.4971 0.8903 0.3257 1.5776 -0.9106 1.7733 2.2291 0.6857 0.3511 2.7727 1.8866 0.8439 0.8891 2.2050 0.0931 1.4868 0.3067 1.8100
-0.1923 1.0655 -0.3797 -0.6983 -0.4380 0.2555 -1.5317 1.4971 0.0057 0.4128 0.4876 -0.9992 1.6106 1.6326 -0.0708 -0.5848 1.8996 1.1302 -0.4019 -0.8555 0.3034 -0.4059 -0.0228 -0.7500 -0.4048
0.8769 1.0655 -0.3118 -0.3605 -0.1198 0.1765 -0.2932 -0.0390 -0.2502 0.0644 0.1300 -0.2891 1.5581 0.9595 1.4575 0.5214 0.7534 1.3071 -0.3138 0.5376 -0.1764 0.4817 0.8298 0.5292 0.5657
0.8005 1.0655 -0.6290 -0.8430 -0.6983 -0.5082 -0.2158 -0.0545 -0.2714 0.0644 0.7107 -0.2142 1.5536 0.4486 0.2605 -0.4675 -0.5364 0.5485 -1.1928 -0.3009 -1.0215 -0.0574 -0.5177 -0.2678 -0.4472
0.3423 -0.9385 -0.9689 -0.1192 -1.5951 -1.2917 -0.2932 -0.8303 -1.0806 0.4128 0.0142 -0.2891 1.3659 -3.1684 -4.1242 -1.5546 -4.3245 -3.2522 -1.9266 -2.6781 -2.1295 -2.7495 -3.7598 -2.5995 -2.8381
-0.0396 -0.9385 -1.4674 -0.2640 -0.0041 -0.1922 1.4870 -0.8303 -1.3227 0.8482 0.0697 0.9965 1.3022 -2.4042 -1.1484 0.4985 -1.5270 -1.8899 0.6673 -0.9668 -1.0371 -1.0704 -2.3484 -0.3591 -1.3608
-0.0396 -0.9385 0.7079 2.6313 0.5166 0.5517 -0.2158 -0.0545 0.5616 1.2836 6.9238 -0.2142 1.7159 -0.0286 1.1693 3.1338 2.0018 1.2424 3.0679 1.8982 2.5970 1.1020 3.2589 1.3512 3.3600
1.3351 1.0655 -0.0852 -0.2640 2.1655 1.0257 1.1774 -0.0545 1.7764 -0.3710 0.0697 0.9236 1.9134 3.7358 6.6769 3.1288 3.7051 4.8419 1.6784 4.9426 1.9654 4.0738 5.0270 4.6710 3.6426
0.2659 1.0655 -0.4250 -0.0468 0.8059 1.1179 -0.1384 0.7213 -0.1082 -0.1968 0.0022 -0.1380 1.5876 2.0177 2.6155 1.2232 2.8283 2.1190 0.8568 1.3998 1.1467 0.8918 1.5950 1.4203 1.3357
0.2659 1.0655 0.0508 1.1837 0.5745 0.3608 0.8678 -0.8303 0.0780 1.5448 1.4011 0.7629 1.6249 0.9402 3.4610 2.8269 2.8405 2.5357 2.7146 2.1633 1.3309 2.2559 3.6491 2.1227 3.6205
-0.1923 1.0655 -0.6516 -0.5535 -0.2355 -0.0210 -0.4480 -0.0545 0.1305 0.5869 0.3064 -0.4332 1.6352 0.6622 0.5101 -0.4925 0.7096 0.6231 -0.4273 -0.4162 -0.3815 -0.1146 0.1723 -0.3077 -0.1751
-0.6505 1.0655 0.5946 1.4732 -2.6654 -2.2463 -1.1447 -1.0087 -0.6465 0.3257 2.1703 -0.9106 1.4710 -2.0811 -4.5082 -2.9035 -3.6973 -2.4326 -2.2784 -2.8152 -1.5425 -2.2723 -1.9773 -3.4354 -0.5410
-2.0252 -0.9385 -0.7649 -1.5669 -0.8140 -0.5806 0.3260 -0.8303 -1.5576 -0.0227 2.4551 0.3202 1.2362 -3.7005 -5.2632 -4.1433 -3.6800 -5.2357 -2.1004 -4.8686 -3.0364 -3.7226 -5.7583 -3.8559 -5.2374
0.1132 -0.9385 -1.2181 -0.4811 -1.4215 -1.4365 -1.1447 -0.0545 0.9018 -1.7643 0.2315 -0.9106 1.7753 -1.5619 -4.5380 -3.6444 -5.7178 -3.1600 -4.5905 -1.8853 -1.9115 -3.2703 -4.5019 -2.6880 -3.9365
-2.1779 -0.9385 -0.7876 -0.5535 0.0538 0.4201 0.2486 -0.0545 -1.4366 -0.5452 0.3064 0.2460 1.2707 -2.5002 -3.8912 -2.8641 -1.6974 -4.0902 -0.9045 -3.3818 -1.2345 -3.2950 -4.4824 -2.6617 -3.7559
1.4878 -0.9385 0.2547 0.8941 1.5002 1.1245 1.1000 -0.0545 0.5339 -0.1097 0.7995 0.8912 1.7109 1.0349 3.8199 3.9096 1.9341 2.3883 2.4717 3.6353 1.9222 2.4979 3.1949 3.3603 2.9003
0.2659 1.0655 -0.4704 -0.6259 0.2274 0.5978 -0.4480 0.7213 -0.1278 -0.0227 0.3917 -0.4332 1.5835 1.5889 1.5051 0.2938 1.8629 1.4903 0.0102 0.3842 0.3048 0.3858 0.6294 0.5113 0.2981
-0.3450 -0.9385 -0.7423 -0.5535 0.6902 0.3608 2.1062 -0.8303 -1.4761 -1.6772 0.3064 0.8600 1.2596 -2.0391 -1.1024 -0.9670 -2.3876 -2.7273 -0.6424 -0.5898 -1.2683 -1.2911 -3.3398 -0.1121 -2.1437
-0.8033 -0.9385 0.2094 -0.9878 -1.2480 -1.1139 -0.2158 -0.8303 -0.3363 -0.8935 0.9758 -0.2142 1.5398 -2.7423 -4.5401 -3.7163 -4.6278 -4.0517 -3.0006 -3.2766 -2.6758 -2.6184 -4.2101 -3.1310 -3.8968
0.0368 -0.9385 -0.8329 -2.1218 -0.6115 -0.6333 0.9452 -1.0553 -1.4366 -2.7222 4.5020 0.8106 1.2707 -3.0169 -4.0915 -4.2245 -6.0753 -4.8496 -4.4140 -2.9850 -3.7536 -3.3062 -6.4100 -2.5447 -5.6254
0.9532 -0.9385 1.5010 0.0255 -0.2066 -0.0210 0.3260 -0.8303 -0.8658 -1.5031 0.0007 0.3202 1.4193 -1.5042 -1.0265 -0.4136 -2.4512 -1.6266 -1.0482 -0.3371 -1.0654 -0.2946 -0.8402 -0.3615 -0.7789
-1.4906 1.0655 -1.5807 -0.8430 -1.0744 -0.3173 -0.8350 -0.0545 -2.0274 -0.7193 0.7107 -0.7413 1.0894 -1.7559 -4.2990 -4.1878 -2.3967 -3.5532 -3.0246 -4.1610 -2.1768 -4.2698 -5.1522 -3.6474 -4.1928
0.9532 -0.9385 -0.1305 0.2427 1.3266 0.3411 2.0288 -0.8303 0.9018 -0.8064 0.0589 0.8969 1.7753 0.2662 2.8380 2.1131 -0.2873 1.0435 1.0434 3.1071 0.6421 2.0456 1.4817 2.8235 1.5581
-1.1087 1.0655 -0.8556 -1.4221 -0.6694 -0.7781 0.7904 -0.8303 -0.7258 1.4578 2.0224 0.7106 1.4526 -1.0266 -0.8814 -1.6221 -0.3184 -1.0455 -0.2247 -2.2283 -1.9397 -0.4938 -1.6619 -1.3817 -1.4564
-0.9560 -0.9385 -1.0142 -0.4087 -0.0041 -0.3371 1.4096 -0.8303 -0.5212 0.4128 0.1671 0.9870 1.4994 -2.1957 -1.6897 -0.7827 -1.8200 -2.3481 0.1230 -1.2945 -1.1465 -1.1087 -2.5458 -0.8374 -1.7298
0.2659 -0.9385 -0.5383 -0.8430 -0.6405 -0.9493 1.6418 -1.6061 -1.5164 0.2386 0.7107 0.9975 1.2481 -3.2977 -2.2408 -0.8841 -3.6304 -3.0016 -0.7582 -1.8592 -2.5151 -1.2039 -3.1911 -1.1951 -2.3179
0.9532 -0.9385 1.0932 -1.1326 1.3266 1.3615 -0.2158 0.7213 0.7828 0.4128 1.2827 -0.2142 1.7549 1.5344 3.0386 2.2960 2.8920 2.1766 1.7367 1.5704 0.9453 2.3218 2.8199 2.0063 0.8527
-0.4214 -0.9385 0.0961 2.0522 0.1117 -0.4358 1.3322 -0.8303 0.2639 0.2386 4.2117 0.9717 1.6609 -1.2880 -0.2673 1.3182 -0.8984 -0.6101 1.5860 1.2382 1.0060 0.4027 0.5348 0.7205 1.8651
-1.0324 -0.9385 -1.3541 -2.1459 -0.0619 -0.3239 1.3322 -0.9932 -0.6990 -1.1547 4.6050 0.9717 1.4588 -2.5895 -2.9725 -3.3618 -3.9653 -4.0153 -2.5570 -2.6863 -2.9794 -2.4710 -5.2081 -1.9772 -4.7706
-1.6433 -0.9385 -0.3571 -0.2640 -0.0041 -0.2844 1.4870 -0.8303 -0.8658 -1.9385 0.0697 0.9965 1.4193 -2.5487 -3.3831 -3.1309 -3.6621 -4.1558 -1.7739 -1.9917 -1.6445 -2.4054 -4.4992 -1.8050 -3.0676
-1.4906 -0.9385 -1.2181 -1.7116 -0.9587 -0.6070 -0.9125 -0.0545 0.0240 -0.1097 2.9297 -0.7910 1.6142 -2.2358 -4.7153 -4.0160 -3.4740 -3.9310 -2.9667 -3.9760 -2.4407 -3.5062 -4.9338 -3.5698 -5.0968
1.1823 1.0655 0.2094 1.0389 -0.0908 -0.2580 -0.9125 0.7213 1.2780 0.6740 1.0793 -0.7910 1.8370 2.5451 2.6577 2.1297 2.2216 3.5499 0.8913 2.5382 1.8299 2.0346 3.6398 1.7852 3.2450
-0.5742 -0.9385 1.8636 -0.5294 0.4588 0.8941 -0.6802 0.7213 0.0602 1.6319 0.2802 -0.6290 1.6214 0.1882 0.5540 1.2353 3.0683 0.6471 2.5005 -0.7578 0.7346 1.3321 2.0679 0.0003 0.5602
0.0368 1.0655 -0.1078 -0.2640 -0.3223 -0.2910 0.1712 -0.8303 -0.1278 -1.4160 0.0697 0.1703 1.5835 0.0326 -0.1998 -1.7938 -1.7166 -0.6445 -2.1095 -0.2102 -1.1418 -0.6298 -0.9775 -0.4835 -0.7005
-0.0396 -0.9385 -1.3541 0.2427 0.5745 0.7887 -0.2932 0.7213 0.2477 -1.1547 0.0589 -0.2891 1.6578 0.0110 -0.6435 -0.0850 -0.6868 -0.7526 -0.7317 0.4043 0.6477 -1.4867 -1.6028 0.0483 -1.2329
0.3423 -0.9385 0.3680 -0.4811 1.2688 0.9336 0.6356 -0.0545 0.7828 -0.0227 0.2315 0.5937 1.7549 0.6074 2.2184 1.5575 1.3106 1.0112 1.2548 1.5727 0.6698 1.5498 1.6440 1.7507 0.6275
0.3423 1.0655 -0.9462 1.3284 0.2274 -0.0079 1.3322 -0.8303 -0.6465 0.7611 1.7647 0.9717 1.4710 0.1586 2.1387 2.0780 1.1166 1.3508 1.7103 1.7201 0.7990 0.9667 1.4496 1.5637 2.6000
-1.9488 -0.9385 0.5946 -0.3364 0.7770 0.5254 1.1774 -0.8303 -0.1082 -0.0227 0.1131 0.9236 1.5876 -1.5089 -0.8946 -1.1614 -0.1451 -2.1258 0.8120 -1.2010 -0.5016 -0.3457 -0.9919 -0.6118 -1.1332
1.2587 1.0655 0.8666 0.2427 0.8638 1.4866 -0.7576 0.7213 -0.2293 -0.6322 0.0589 -0.6872 1.5625 2.5321 3.5301 2.0519 3.3183 2.9665 0.9313 2.0964 1.4929 1.6681 3.1986 1.9630 2.2928
-0.5742 -0.9385 1.3651 -0.0468 -0.5248 -0.3634 0.4808 -0.8303 -1.2862 -1.3289 0.0022 0.4625 1.3121 -2.5031 -3.1268 -2.1609 -3.0249 -3.3591 -1.2821 -2.1558 -1.5955 -1.5491 -2.6674 -1.8883 -2.0537
0.4950 1.0655 -0.6743 -0.8430 -0.6694 -0.4556 -0.2932 -0.0545 -0.2293 0.4128 0.7107 -0.2891 1.5625 0.3863 0.1737 -0.5013 -0.2027 0.4966 -0.9287 -0.5424 -0.9550 -0.1200 -0.4357 -0.4211 -0.4726
-2.0252 -0.9385 -1.6034 -0.9154 -0.9587 -0.7321 0.1712 -0.8303 -1.2503 -1.7643 0.8380 0.1703 1.3217 -3.7703 -6.3755 -5.3838 -5.7941 -6.2001 -4.0250 -4.5291 -3.0445 -5.1662 -7.4006 -4.2460 -6.0263
0.5714 -0.9385 1.0478 -1.1567 -0.0619 0.8546 -1.2221 1.1092 -1.1134 -0.1097 1.3379 -0.9398 1.3575 -0.3220 -1.0860 -0.0338 0.6489 -0.6585 -0.0602 -1.6406 -0.4178 -0.6506 -0.8044 -0.9736 -1.7416
0.4187 1.0655 0.9572 0.6287 -1.3058 -1.1732 -1.5317 0.5661 0.9587 0.8482 0.3953 -0.9992 1.7849 1.2874 -0.2067 -0.1033 0.4946 1.6623 -0.3613 0.0830 0.4465 0.8315 1.8664 -0.5087 1.6292
0.8005 1.0655 -0.1985 0.0497 0.0249 0.7887 -1.1447 1.0549 -0.5456 2.2415 0.0025 -0.9106 1.4939 1.7316 2.4507 2.7575 4.2849 3.0255 2.3814 0.5559 1.3427 1.3000 2.8882 0.9480 2.1263
0.8769 1.0655 -0.6743 -0.4811 -1.0455 -0.8440 0.6356 -0.8303 -2.6510 0.3257 0.2315 0.5937 0.8540 -1.7083 -1.3147 -0.5686 -1.6847 -1.2498 -0.8504 -1.7895 -1.9454 -1.2343 -2.2391 -1.1261 -1.1389
0.4187 -0.9385 0.0961 -0.5535 0.4877 0.2160 1.4096 -0.8303 -0.4971 -0.9806 0.3064 0.9870 1.5047 -1.2208 0.0787 0.0415 -1.6495 -1.2435 -0.2593 0.2407 -0.9297 0.0721 -1.1637 0.4831 -0.9166
-1.7961 -0.9385 0.4360 -0.5535 0.1117 0.4135 -0.0610 -0.0545 -0.4971 0.0644 0.3064 -0.0610 1.5047 -1.5926 -2.4330 -1.8611 -0.4518 -2.5880 -0.0319 -2.4594 -0.7348 -1.5370 -2.0552 -1.8520 -2.2427
0.4187 1.0655 0.3001 1.3284 0.3141 0.4266 -0.9899 0.7213 0.9810 1.8932 1.7647 -0.8359 1.7886 2.4634 3.2242 2.9958 4.2489 3.8325 2.6250 2.2229 2.4885 2.2534 4.6542 1.8544 3.9187
0.4950 -0.9385 2.3168 1.3284 0.2852 -0.6926 -0.5254 0.4343 2.0864 0.4998 1.7647 -0.5016 1.9582 1.2759 1.2240 1.7442 1.1231 2.1551 1.5518 2.2644 2.0122 2.6801 4.0398 1.5965 3.0161
-0.6505 1.0655 0.0281 -0.1192 1.3555 1.0389 -0.9899 2.2729 1.7617 0.0644 0.0142 -0.8359 1.9113 4.2313 3.2595 1.0320 5.0643 3.8547 1.4575 2.2202 2.7993 1.9939 3.2661 2.0114 2.1370
1.0296 1.0655 1.2291 1.4732 0.2852 0.4332 -0.4480 0.7213 0.4626 0.5869 2.1703 -0.4332 1.6979 2.5197 3.4428 3.0337 3.6151 3.7560 2.3048 2.7830 2.3464 2.7382 4.5454 2.2729 4.3325
1.2587 -0.9385 -0.4477 1.8351 0.9506 0.6637 -0.9899 1.4971 1.6634 2.8511 3.3676 -0.8359 1.8966 2.2055 3.5672 5.5629 4.6733 4.4590 4.2887 3.5648 3.9082 2.6733 5.3092 3.0944 4.3676
-1.1851 1.0655 -0.2211 0.5322 0.4877 0.8414 -0.8350 0.7213 0.4333 1.1965 0.2833 -0.7413 1.6926 1.6570 1.4405 0.6366 3.6070 1.6963 1.6202 0.2628 1.5718 0.4626 2.0364 0.3227 1.5216
0.3423 -0.9385 -0.9915 -0.0468 -0.4090 -0.9032 0.7130 -0.8303 0.5754 0.5869 0.0022 0.6541 1.7184 -1.4362 -0.8998 0.1382 -2.3688 -0.9682 -0.3967 0.0229 -0.8040 -0.3168 -1.0940 -0.1446 -0.6949
-1.0324 -0.9385 0.0961 0.2427 -0.7851 -0.3897 -0.3706 -0.0545 -0.8369 -0.4581 0.0589 -0.3622 1.4262 -2.1969 -3.8480 -2.1004 -2.4513 -3.1646 -1.1524 -2.5332 -0.9598 -2.4643 -3.1295 -2.4424 -2.3379
1.3351 -0.9385 0.3680 0.4598 0.1695 0.4530 -0.7576 0.7213 0.4186 0.2386 0.2115 -0.6872 1.6898 0.5821 0.9361 2.1164 0.7906 1.2817 0.8502 1.2977 1.1102 0.7792 1.5496 0.9995 1.0445
1.0296 1.0655 1.7050 0.4598 0.9216 1.3483 -1.1447 1.4971 0.6819 1.0223 0.2115 -0.9106 1.7373 3.7093 4.7343 3.5267 5.9360 4.9050 3.0088 2.7575 2.7515 3.4976 5.7608 2.7064 4.2115
0.1132 1.0655 0.7306 -0.0227 3.2069 4.1793 -1.2995 3.8943 0.3273 1.5448 0.0005 -0.9634 1.6728 6.4125 8.0248 6.0178 12.3070 7.4008 6.3538 4.0434 5.5619 4.3555 7.4144 4.7439 5.1517
-0.1159 -0.9385 0.5040 0.1703 -0.7273 -0.8177 0.4808 -0.8303 -0.3363 -0.2839 0.0290 0.4625 1.5398 -2.0704 -2.2920 -1.0260 -2.8221 -2.2047 -0.7876 -1.1769 -1.1877 -0.8613 -1.7437 -1.2122 -1.1250
-0.1159 1.0655 -0.1758 -0.0468 -0.6983 -1.3378 -0.7576 -0.0545 1.6942 0.1515 0.0022 -0.6872 1.9012 1.2125 -0.0998 -1.3690 -0.7799 1.0075 -1.5721 0.3329 -0.1615 0.3721 0.7376 -0.2759 0.3587
-1.8724 -0.9385 -1.2861 -0.5535 -1.1612 -1.1468 0.8678 -1.6061 -1.9749 -1.1547 0.3064 0.7629 1.1069 -4.7856 -6.4892 -4.8729 -6.1969 -6.5668 -3.3223 -4.7219 -3.4061 -4.8815 -7.2108 -4.2099 -5.4863
0.7241 1.0655 -0.0398 -0.2640 0.8059 0.2884 1.6418 -0.8303 0.0957 -2.0256 0.0697 0.9975 1.6284 1.1737 2.7385 0.0780 -0.3636 1.0468 -0.7947 2.2527 -0.2694 1.3744 0.6278 1.9595 1.0351
-1.1087 -0.9385 -1.3088 -0.5535 -0.1198 -0.1066 0.6356 -0.8303 -0.6465 -1.5031 0.3064 0.5937 1.4710 -2.4755 -3.3478 -2.9508 -3.8716 -3.9496 -2.4277 -2.1409 -1.8247 -3.0966 -4.6354 -2.0233 -3.7542
0.1895 -0.9385 0.3454 0.0979 0.1984 0.2226 -0.6028 0.7213 0.8193 2.5027 0.0096 -0.5670 1.7612 0.4423 1.1178 2.5415 2.6415 1.7015 2.7111 0.5064 1.2922 1.5405 2.5098 0.7835 1.4731
-1.3379 1.0655 2.0222 2.1970 -0.0619 -0.1000 -0.1384 -0.0545 0.4771 1.5448 4.8269 -0.1380 1.7006 1.0679 1.3812 1.3745 3.4625 1.9048 3.0582 0.9067 2.1132 2.0819 4.0769 0.6310 4.2084
-2.0252 -0.9385 -1.4674 -1.4221 -0.4090 -0.2251 0.3260 -0.8303 -0.9856 -1.6772 2.0224 0.3202 1.3899 -3.2222 -5.1782 -4.9733 -4.7805 -5.5714 -3.5733 -4.0829 -2.9099 -4.4667 -6.6066 -3.5993 -5.8582
0.3423 1.0655 -0.4477 -0.1916 0.7191 1.0060 0.0164 -0.0545 -0.2714 0.4998 0.0367 0.0164 1.5536 1.3274 2.7161 1.3868 2.5444 1.8579 1.0317 1.0533 0.6031 0.9402 1.8359 1.2844 1.2500
-0.8796 1.0655 -1.1275 -0.8430 -1.7687 -1.5089 -0.0610 -0.8303 -1.5164 -0.6322 0.7107 -0.0610 1.2481 -2.2304 -4.3288 -4.1903 -4.1078 -3.5065 -3.4258 -3.6813 -2.9719 -3.2968 -4.9389 -3.4362 -3.5813
-1.5670 -0.9385 0.9119 -0.6983 0.2563 0.0053 1.3322 -0.8303 -0.5703 -0.9806 0.4876 0.9717 1.4883 -1.9672 -2.0106 -2.1976 -1.8054 -2.9915 -0.4468 -1.7734 -1.3952 -0.8102 -2.3852 -1.2246 -2.0463
-0.1159 -0.9385 1.1838 -0.7707 -1.0165 -0.9032 -1.5317 0.7989 1.0676 1.1965 0.5939 -0.9992 1.8030 -0.2275 -2.0166 -0.8247 -0.4315 -0.3023 -0.3574 -1.6097 -0.4488 0.0734 0.0618 -1.5227 -1.0159
-1.9488 -0.9385 -1.7167 -1.2050 -1.2769 -1.4299 1.0226 -1.6061 -1.3978 -0.4581 1.4519 0.8535 1.2815 -4.6256 -6.2077 -4.8592 -6.0867 -6.2333 -3.2287 -4.7841 -3.7419 -4.4651 -7.1862 -4.1566 -5.7086
0.1132 -0.9385 1.0478 2.0522 -0.3223 -0.3436 -0.1384 -0.0545 0.3582 -0.2839 4.2117 -0.1380 1.6786 -0.6457 -0.8933 0.9245 -0.8192 -0.3170 0.7367 0.8655 1.1965 0.1376 0.8848 0.1164 1.6573
0.7241 1.0655 2.3394 1.6180 -0.6694 -0.7123 -0.4480 -0.0545 0.5890 1.5448 2.6178 -0.4332 1.7208 1.4401 2.1708 2.3571 2.5381 3.0557 2.3219 1.6978 1.4983 3.0613 4.7963 1.2547 4.5419
0.4950 -0.9385 1.2971 1.1113 -0.7273 -1.0283 -0.6028 -0.0545 1.1505 -0.1097 1.2349 -0.5670 1.8165 -0.3747 -1.1633 0.1498 -1.6349 -0.1012 -0.3255 0.5343 0.4247 0.4657 0.9061 -0.2125 0.9162
0.8769 1.0655 0.3001 0.8941 -0.6405 -0.0276 -0.9125 -0.0545 -0.6990 0.3257 0.7995 -0.7910 1.4588 0.4598 0.5094 0.8143 0.6583 1.0397 0.0488 0.2266 0.3446 0.0391 1.2590 -0.0411 1.3991
-0.5742 -0.9385 1.0025 -0.9878 0.7191 1.2035 -1.6865 2.7384 0.9475 2.7640 0.9758 -0.9933 1.7830 2.1813 1.4685 2.4061 5.8665 2.7483 3.6377 -0.1920 2.2201 1.9509 3.0159 0.6215 1.0188
0.8769 1.0655 0.2547 0.8218 1.1531 0.9336 0.0938 -0.0545 0.9587 -0.0227 0.6753 0.0936 1.7849 2.5774 4.4243 2.5373 3.0719 3.4966 1.4875 3.3241 1.9040 2.4790 4.1812 2.8664 3.4062
-0.6505 -0.9385 0.1188 -0.1916 0.4009 0.1436 1.5644 -0.8303 -0.8658 -0.8935 0.0367 1.0000 1.4193 -1.8387 -1.1105 -0.7749 -1.6982 -2.2621 -0.0309 -0.6899 -0.9049 -0.6689 -2.0216 -0.3219 -1.2752
0.6478 1.0655 0.9799 -0.3364 0.4299 1.0652 -1.2221 1.4971 0.1305 0.1515 0.1131 -0.9398 1.6352 2.8074 2.6494 1.4237 3.9050 3.0155 1.0989 1.1079 1.4037 1.6879 2.8528 1.1862 1.7895
-0.8796 -0.9385 2.7020 1.3284 -0.6983 -0.6860 0.2486 -0.8303 -0.3363 -1.0677 1.7647 0.2460 1.5398 -1.9489 -2.7064 -1.4814 -2.2768 -2.4517 -0.2630 -1.1530 -0.4080 -0.3459 -0.4957 -1.4433 0.1715
-0.6505 1.0655 1.2518 0.0255 0.2563 0.6637 -0.9125 0.7213 0.3116 0.1515 0.0007 -0.7910 1.6699 1.8232 1.3174 -0.0431 2.9028 1.5747 0.7708 0.1395 0.9457 1.0252 2.1376 0.2004 1.3162
-1.1851 -0.9385 1.9542 -0.4087 0.3141 0.4925 -0.6028 0.5351 0.5478 0.8482 0.1671 -0.5670 1.7134 0.0062 -0.4285 -0.1635 1.8243 -0.1992 1.4589 -1.0342 0.4496 0.8097 1.2261 -0.5525 -0.0200
-1.2615 1.0655 0.3227 -0.4087 0.7770 1.0126 0.4034 -0.0545 -0.6465 -0.0227 0.1671 0.3925 1.4710 0.7281 1.2399 -0.4726 2.4021 0.3017 0.8994 -0.4041 0.1788 0.3227 0.5739 0.1607 0.2782
-1.0324 1.0655 -0.1078 -0.9878 -0.4380 -0.4292 -1.4543 1.4971 1.2875 -0.8064 0.9758 -0.9932 1.8386 2.0202 -1.0171 -2.7388 0.4017 0.4618 -2.0515 -0.9080 -0.0270 -0.6084 -0.8359 -1.1884 -1.2758
0.4950 -0.9385 1.4784 0.5322 -0.7273 -0.3041 -0.6802 -0.0545 -0.4036 -0.1968 0.2833 -0.6290 1.5253 -1.1680 -1.7199 -0.0722 -1.3305 -1.0831 -0.2442 -0.8314 -0.2840 -0.3795 -0.1967 -0.9675 -0.2010
0.0368 -0.9385 -0.0852 -0.1192 -0.1776 -0.5016 1.1000 -0.8303 -0.1880 -0.2839 0.0142 0.8912 1.5711 -1.6536 -1.0903 -0.3441 -2.2355 -1.6024 -0.3277 -0.3462 -0.9715 -0.3321 -1.4778 -0.2877 -0.8780
-0.7269 1.0655 -0.0172 1.4732 0.8348 1.4076 -1.3769 2.2729 0.5616 1.5448 2.1703 -0.9813 1.7159 3.3151 2.8380 2.7994 6.3359 3.8284 3.4519 1.7778 3.6865 1.5312 3.9418 1.5845 3.6347
0.8769 1.0655 -0.9236 1.3284 -0.0908 0.3411 -0.2932 -0.0545 -0.7258 0.2386 1.7647 -0.2891 1.4526 0.6392 1.3444 1.6511 1.0093 1.3694 0.5540 1.2126 0.9747 -0.0977 1.1234 0.8184 1.8111
1.4115 1.0655 0.4360 -0.1192 0.4299 0.5517 -0.0610 -0.0545 0.1817 0.0644 0.0142 -0.0610 1.6451 1.8688 3.3855 1.9065 2.0490 2.7601 0.6935 2.0363 0.6138 2.0399 2.9070 1.9282 2.1568
-0.5742 1.0655 1.2744 1.0389 1.7895 1.8158 -0.0610 0.7213 0.7950 1.0223 1.0793 -0.0610 1.7570 3.2000 5.0093 3.1454 6.4150 4.0992 3.8852 2.8863 3.1574 3.2612 5.6632 2.9504 4.4415
-0.3450 -0.9385 -0.2211 0.0255 -0.7851 -0.7518 0.2486 -0.8303 -0.4498 -0.7193 0.0007 0.2460 1.5152 -2.3755 -3.1452 -1.9089 -3.6682 -3.0171 -1.7469 -1.7400 -1.5367 -1.9988 -3.0308 -1.8299 -2.2494
-0.0396 1.0655 -0.6970 -0.3846 0.6613 0.9007 -0.2932 0.4187 0.2150 0.5869 0.1479 -0.2891 1.6515 1.7269 2.3774 0.9373 2.7492 1.9470 0.8342 0.8590 0.7662 0.7758 1.5829 1.0270 0.9274
-0.2687 -0.9385 -1.3768 -1.4704 0.0249 0.3542 -0.0610 -0.1476 -0.6465 -1.0677 2.1619 -0.0610 1.4710 -1.6101 -2.3580 -2.1380 -2.6438 -2.8129 -2.2594 -2.0116 -1.7692 -2.6100 -3.9622 -1.6220 -3.9705
-0.1159 -0.9385 0.9119 1.8351 0.2852 0.1501 -0.2932 -0.0545 0.8903 -0.3710 3.3676 -0.2891 1.7733 -0.0553 -0.0444 0.9599 -0.0764 0.1219 0.7902 1.3086 1.5397 0.3434 1.5285 0.5761 1.6364
-0.1923 -0.9385 -1.3088 -1.5669 -0.4958 -0.2778 0.0938 -0.8303 -0.7530 -0.9806 2.4551 0.0936 1.4462 -2.4982 -3.2472 -2.8298 -4.1353 -3.6418 -2.9771 -2.6440 -2.6658 -2.9651 -4.6345 -2.2609 -4.5018
-0.9560 1.0655 1.3424 1.4732 2.8019 2.7638 -0.8350 2.2729 1.5923 1.8061 2.1703 -0.7413 1.8859 5.3245 6.8876 4.8602 10.2137 6.4333 5.9454 4.2211 5.4978 4.4237 8.1195 4.2910 6.1288
-1.1087 -0.9385 0.6400 -1.5669 -0.4958 -0.2383 -0.0610 -0.0545 -0.6465 -0.0227 2.4551 -0.0610 1.4710 -1.8537 -3.0147 -2.4761 -1.6484 -2.8451 -1.0218 -3.0989 -1.9004 -1.4464 -2.9011 -2.3155 -3.2042
0.3423 1.0655 1.5237 1.6180 -0.1776 0.1172 -0.1384 -0.0545 -0.4971 1.2836 2.6178 -0.1380 1.5047 0.9363 2.0308 2.3710 2.9444 2.2718 2.5851 1.2122 1.5146 2.0051 3.6571 1.1034 3.7867
0.9532 -0.9385 -0.4024 0.4598 0.5745 -0.2844 2.1062 -0.8303 0.3735 -0.2839 0.2115 0.8600 1.6815 -0.5588 1.5965 1.9686 -1.0853 0.3989 1.0472 2.2987 0.2250 1.5038 0.5040 2.0486 1.3353
-0.8796 -0.9385 -1.3994 -0.9878 -0.7851 -0.9098 1.0226 -0.8303 -1.1806 -0.2839 0.9758 0.8535 1.3401 -3.1691 -3.9457 -2.6232 -4.0604 -4.0337 -1.8333 -2.9318 -2.4782 -2.7972 -5.0775 -2.4153 -3.8477
-1.1851 1.0655 -1.2635 -0.7707 -1.8554 -1.4892 -0.2932 -0.8303 -1.6428 -2.1997 0.5939 -0.2891 1.2111 -2.5107 -5.6806 -5.8796 -5.7469 -4.8182 -5.1727 -4.2109 -3.3965 -4.6668 -6.6313 -4.2529 -4.8839
1.4878 -0.9385 1.4557 0.7976 0.4588 0.0316 -0.7576 0.8222 1.6321 2.2415 0.6362 -0.6872 1.8919 1.7063 3.0327 4.1866 3.3079 3.7439 3.2459 2.6921 2.3702 3.4402 5.2439 2.4776 3.6929
0.0368 1.0655 1.2518 -0.0468 1.2977 1.3286 -1.2221 2.2729 1.4503 2.6769 0.0022 -0.9398 1.8641 4.5197 5.2819 3.9555 8.1888 5.9180 4.5311 2.5918 3.4967 4.2289 6.6106 2.9497 4.4999
-0.0396 -0.9385 -0.5610 1.0389 1.2398 -0.3371 -0.9899 1.4971 2.8088 0.4128 1.0793 -0.8359 2.0552 2.3257 1.2092 1.3287 1.6261 2.5019 0.8055 2.7119 2.9800 1.1154 2.6634 1.9544 1.5425
0.4950 1.0655 -0.4250 -0.7707 -0.2933 -0.3173 1.2548 -0.8303 -2.0274 -0.3710 0.5939 0.9505 1.0894 -0.9198 -0.0187 -0.5680 -0.9535 -0.7706 -0.5948 -0.8565 -1.6166 -0.3823 -1.6300 -0.2298 -0.7685
-0.4214 -0.9385 -0.9689 -2.0735 -1.5951 -1.2588 -0.3706 -0.8303 -1.0806 -0.9806 4.2996 -0.3622 1.3659 -3.4823 -5.6738 -4.6426 -5.9836 -5.1029 -4.3577 -4.5406 -3.9533 -4.0132 -6.4368 -4.0513 -6.0488
0.8769 1.0655 1.5010 0.1703 0.8059 0.3345 -0.3706 0.7213 1.5434 1.8061 0.0290 -0.3622 1.8785 3.3943 4.9425 3.3431 5.0986 5.0394 3.0325 3.0373 2.2297 4.3010 6.1204 3.0083 4.4200
-1.3379 1.0655 -1.6713 -0.1192 -1.5083 -1.3970 -0.2158 -0.8303 -0.3809 -1.1547 0.0142 -0.2142 1.5302 -1.6398 -4.0708 -4.4043 -4.3083 -3.2796 -3.8087 -2.7338 -2.2169 -3.4869 -4.6284 -3.1109 -3.1199
0.3423 1.0655 0.2094 -0.9154 -2.0290 -1.9895 -0.8350 -0.8303 0.3582 0.1515 0.8380 -0.7413 1.6786 -0.7311 -2.3145 -2.7727 -3.2778 -1.0409 -3.0338 -1.9815 -2.4526 -0.8346 -1.5371 -2.2180 -1.5517
1.4115 -0.9385 -0.8103 -0.5535 -0.6694 -0.5543 0.1712 -0.8303 -0.5703 0.0644 0.3064 0.1703 1.4883 -1.8610 -1.2507 0.1237 -3.0047 -1.3998 -1.2637 -0.6405 -1.5716 -1.0148 -1.8396 -0.5847 -1.6654
0.9532 1.0655 0.4134 0.8218 0.4299 0.5451 0.1712 -0.0545 -0.0695 0.4128 0.6753 0.1703 1.5954 1.5973 3.1843 2.3991 2.5228 2.6840 1.6284 2.1697 1.2806 1.9682 3.1657 1.9680 3.0266
1.0296 -0.9385 0.5720 -0.5294 0.4877 0.3871 -1.2995 1.6833 1.5184 0.6740 0.2802 -0.9634 1.8746 1.9663 1.5175 1.8437 2.1924 2.4253 0.9789 1.3976 1.4937 1.6288 2.3513 1.2808 0.8220
0.8769 -0.9385 -0.1758 -0.5535 0.5166 0.3411 1.4870 -0.8303 -1.0167 -0.6322 0.3064 0.9965 1.3821 -1.3771 0.4029 0.7804 -1.3548 -1.0081 0.1538 0.3268 -0.9039 0.0988 -1.0759 0.7299 -0.7660
-0.4978 -0.9385 -0.3344 -0.2640 0.4299 0.8677 -0.9125 0.7213 0.2959 -0.1968 0.0697 -0.7910 1.6669 -0.0524 -0.8377 -0.3496 0.3391 -0.7171 -0.1915 -0.6454 0.3989 -1.1118 -0.7784 -0.5848 -1.3684
-0.8033 1.0655 0.0961 0.7494 -0.2355 0.1238 -0.9899 0.7213 0.3428 -0.0227 0.5616 -0.8359 1.6757 1.2721 -0.0289 -0.5594 1.4454 0.7994 -0.0153 -0.0525 0.9628 -0.2413 0.7380 -0.4167 0.9005
1.0296 -0.9385 -0.9009 -1.1326 0.9506 1.0521 0.7130 -0.0545 -0.5456 -1.3289 1.2827 0.6541 1.4939 -0.3233 0.8213 0.4793 -0.8654 -0.5718 -0.7026 0.5965 -0.5962 -0.4360 -1.4257 0.8753 -1.6517
0.9532 1.0655 0.1188 1.1837 1.3555 1.8750 -0.8350 1.4971 0.3273 -0.1968 1.4011 -0.7413 1.6728 3.5450 4.4970 3.3622 5.0446 4.2012 2.2436 3.3525 3.1659 2.0261 4.2470 2.9078 3.6872
0.9532 1.0655 -0.7423 1.3284 -0.0908 -0.0342 -0.2158 -0.0545 0.3273 1.1965 1.7647 -0.2142 1.6728 1.2833 2.3900 2.4881 1.8192 2.6039 1.3876 2.0428 1.4056 1.2304 2.7023 1.5338 2.9639
0.3423 -0.9385 0.5040 -0.4811 -0.5248 -0.5477 -0.6802 -0.0545 0.7828 0.6740 0.2315 -0.6290 1.7549 -0.6098 -1.0187 -0.1858 -1.0672 -0.4133 -0.4164 -0.6447 -0.5580 0.0485 0.0115 -0.6638 -0.7609
-1.5670 1.0655 -0.3797 0.1703 -0.4090 -0.5214 -1.3769 0.7213 1.4153 -0.3710 0.0290 -0.9813 1.8587 1.3325 -1.3014 -2.5732 0.0838 0.0181 -1.6549 -0.7710 0.3802 -1.0561 -0.4264 -1.3074 -0.5988
-1.7197 1.0655 0.8892 -0.4087 0.8348 1.2101 -1.4543 2.2729 0.9920 -0.8064 0.1671 -0.9932 1.7904 3.2718 0.9733 -1.2085 4.0773 1.7483 0.3312 0.0510 1.8239 0.4995 1.3369 0.0379 0.4380
-1.4142 -0.9385 -1.1502 -0.5535 -1.5951 -1.7262 1.0226 -1.6061 -1.8255 -2.1997 0.3064 0.8535 1.1552 -4.8384 -7.1387 -5.5994 -7.8466 -6.9463 -4.5596 -4.5296 -3.8693 -5.0469 -8.0631 -4.3777 -5.8127
0.1132 -0.9385 -0.0625 1.0389 1.5580 1.4866 0.9452 -0.0545 -0.0315 -0.1968 1.0793 0.8106 1.6031 0.2618 2.2946 2.5893 1.8953 0.8449 2.3147 2.1529 1.7687 0.9892 1.7157 2.1095 1.7317
-0.0396 -0.9385 -1.3994 0.0255 -0.0619 0.0645 0.2486 -0.0545 -0.4265 -0.5452 0.0007 0.2460 1.5203 -1.3707 -1.7071 -0.5203 -2.0109 -1.8174 -0.8894 -0.6588 -0.4946 -1.8363 -2.6001 -0.7264 -1.8121
0.1895 -0.9385 -0.2664 0.6046 -0.3801 -0.1066 -0.9899 0.7213 0.4914 -0.1097 0.3655 -0.8359 1.7032 -0.2537 -1.4584 0.0580 -0.8425 -0.4808 -0.4327 -0.1599 0.5515 -0.9603 -0.6471 -0.6153 -0.4754
-0.1159 1.0655 -0.8782 -0.9154 -1.6819 -1.6011 -0.6802 -0.8303 0.2150 -0.1968 0.8380 -0.6290 1.6515 -0.8982 -2.5745 -3.2022 -3.4939 -1.6394 -3.3964 -2.1289 -2.4198 -1.8218 -2.6349 -2.3634 -2.3503
1.1823 1.0655 -0.6516 0.1703 0.4009 0.4464 0.7130 -0.8303 -0.6208 -1.2418 0.0290 0.6541 1.4769 0.5748 2.0567 0.6288 -0.3735 0.8266 -0.7722 1.5649 -0.2310 0.2935 0.4050 1.3091 0.7695
0.1895 1.0655 -0.1078 -1.3497 1.4713 1.7631 -0.8350 1.4971 0.8313 0.4128 1.8217 -0.7413 1.7632 3.5527 4.1450 1.5270 5.0637 3.6031 1.3541 1.6220 1.5088 1.9942 3.0600 2.0207 1.1748
-1.4142 -0.9385 -1.2408 0.6770 -1.0744 -1.0415 -0.2158 -0.8303 0.0422 0.4998 0.4583 -0.2142 1.6178 -2.8023 -4.2254 -2.2090 -3.5149 -3.4541 -1.3745 -2.4408 -1.1257 -2.9519 -3.3695 -2.6627 -2.3551
0.5714 1.0655 0.5267 0.3151 0.5456 1.0192 -0.8350 0.7213 0.1648 0.4998 0.0993 -0.7413 1.6419 2.2549 2.9187 1.8827 3.5440 2.8498 1.4297 1.5099 1.5150 1.5830 3.1692 1.4525 2.3158
-0.4978 -0.9385 -0.9689 -0.6983 0.6902 0.7624 0.7904 -0.0545 -0.6990 0.2386 0.4876 0.7106 1.4588 -1.0874 -0.3355 0.2036 0.0692 -1.2349 0.6671 -0.7002 -0.3494 -0.7951 -1.5860 -0.0830 -1.4962
1.0296 1.0655 0.0735 1.4732 -0.1776 0.2818 -1.1447 0.7213 0.2800 0.7611 2.1703 -0.9106 1.6639 1.9200 2.1069 2.3406 2.5166 2.8980 1.2522 1.8580 1.9036 1.1525 3.0982 1.2447 3.0696
-1.1087 -0.9385 1.1385 -0.5535 -1.1612 -0.7123 -0.2932 -0.8303 -1.5576 -1.2418 0.3064 -0.2891 1.2362 -3.3284 -5.2207 -3.9121 -4.2372 -4.8210 -2.5835 -4.0610 -2.5784 -3.0935 -4.4090 -3.6263 -3.9160
0.8769 -0.9385 -0.9462 0.7252 0.9216 -0.3305 0.7904 -0.3028 1.8900 0.1515 0.5260 0.7106 1.9301 0.6916 2.0030 2.0030 -0.3450 1.5700 0.6673 3.0150 1.2958 1.4414 1.7948 2.3604 1.5483
1.1823 -0.9385 -1.2181 -0.1675 1.0952 1.0323 1.1774 -0.4502 -0.5954 0.9353 0.0280 0.9236 1.4826 -0.4898 2.3551 3.1054 1.0801 0.8317 2.0063 1.5335 0.4452 0.8374 0.8192 1.9699 0.6451
-0.7269 1.0655 -1.1728 -0.3364 -0.2066 -0.1659 0.7904 -0.8303 -1.1134 0.5869 0.1131 0.7106 1.3575 -0.8389 -0.3217 -0.8327 -0.2071 -0.8532 -0.1220 -1.1611 -1.0326 -0.8904 -1.3714 -0.6876 -0.7022
1.7169 1.0655 0.0281 0.7494 2.6573 1.9145 0.4034 0.7213 1.7764 -0.6322 0.5616 0.3925 1.9134 4.8100 7.7294 4.5225 5.4122 6.0591 2.5105 6.1130 3.5756 4.2504 6.4701 5.5054 4.9741
-0.0396 1.0655 0.6400 1.1113 0.8348 1.1903 -0.8350 1.4971 0.5339 0.5869 1.2349 -0.7413 1.7109 3.0474 3.2340 2.4384 4.9552 3.5667 2.5259 2.1901 2.8437 2.0091 3.9362 1.9229 3.4818
2.3279 1.0655 0.1414 0.6046 -0.5826 -0.1527 -0.9899 0.7213 0.0422 1.6319 0.3655 -0.8359 1.6178 1.9581 2.9058 3.4459 2.5760 3.8256 1.5651 2.0301 1.2529 2.1875 3.6227 1.7198 3.2668
-0.6505 -0.9385 0.9799 0.3151 -0.3512 -0.9888 0.0164 -0.0545 1.3341 -0.5452 0.0993 0.0164 1.8459 -0.4848 -1.6852 -1.3206 -1.8614 -1.0142 -0.7674 -0.1677 -0.0872 0.0685 -0.3993 -0.6194 -0.3455
0.0368 1.0655 0.5493 -0.1916 0.5166 0.8085 -0.4480 0.7213 0.1984 0.0644 0.0367 -0.4332 1.6483 2.0600 2.2795 0.7978 2.9417 2.1385 0.8910 0.9545 0.9763 1.3408 2.1452 1.0247 1.4808
0.1895 -0.9385 0.9572 0.6046 0.2563 -0.2910 0.5582 -0.8303 0.9699 0.7611 0.3655 0.5296 1.7867 -0.5016 0.8204 1.3058 -0.1233 0.3893 1.2598 1.0933 0.4176 1.4753 1.9171 0.9303 1.4196
0.6478 -0.9385 0.8439 1.6180 0.3720 0.7953 -0.6028 0.7213 -0.0315 2.5027 2.6178 -0.5670 1.6031 0.3808 1.8370 4.2855 3.6935 2.2595 4.1068 1.4209 2.4797 1.8152 3.7996 1.4891 3.3212
0.8005 1.0655 -0.3797 1.4008 -1.0744 -0.3502 -1.6091 0.7213 -0.2502 -0.2839 1.9623 -0.9993 1.5581 0.8437 -0.6632 0.1417 -0.1428 0.8486 -0.9632 0.2247 0.7729 -0.9579 0.2541 -0.5930 1.0199
0.1895 -0.9385 0.3001 0.3151 1.1531 0.9928 1.4870 -0.8303 -0.6990 -1.2418 0.0993 0.9965 1.4588 -0.9037 0.9703 0.8793 -0.4558 -0.8521 0.6797 1.0411 0.1130 0.2446 -0.1616 1.1832 0.1249
1.9460 -0.9385 0.7759 0.4598 -0.5248 -0.3502 0.0164 -0.8303 -0.4733 -0.4581 0.2115 0.0164 1.5100 -1.2620 -0.2478 1.1534 -2.2679 -0.4367 -0.5436 0.5761 -0.6305 0.1813 0.2020 0.2750 0.2516
1.4115 -0.9385 0.0735 0.7494 1.0373 0.6571 1.4870 -0.8303 -0.0128 0.4128 0.5616 0.9965 1.6069 -0.1963 2.9556 3.5084 0.8138 1.3901 2.2818 2.7066 0.9559 2.0229 2.3365 2.6628 2.3130
0.0368 -0.9385 -1.4901 -0.4811 -0.0330 -0.0210 0.5582 -0.8303 -0.4733 0.1515 0.2315 0.5296 1.5100 -1.9344 -1.3512 -0.4208 -2.2167 -1.9804 -0.7541 -0.9644 -1.1970 -1.5951 -2.3937 -0.7255 -2.0849
0.6478 -0.9385 -0.6970 -0.4811 -0.9876 -1.7064 2.1836 -1.6061 -0.8369 -1.1547 0.2315 0.8180 1.4262 -3.0589 -2.6003 -1.5199 -5.5757 -3.1458 -2.0452 -0.8847 -2.6409 -1.1213 -3.9736 -0.9108 -2.1550
0.5714 1.0655 1.9769 2.0522 -0.7273 -0.6728 -0.9125 -0.0545 0.7704 2.2415 4.2117 -0.7910 1.7527 1.4005 2.0833 2.7250 2.9574 3.2443 2.6864 1.6404 1.9061 2.7883 5.2240 1.1153 4.8279
0.2659 1.0655 0.7533 1.0389 1.1241 1.5590 -1.4543 3.0487 0.9587 1.0223 1.0793 -0.9932 1.7849 4.7297 4.3541 3.7289 7.3306 5.4423 3.6844 3.0625 4.2131 3.0118 5.2673 2.7881 4.5085
1.5642 -0.9385 0.6626 2.1246 0.9795 0.7756 0.3260 -0.0545 0.7076 0.9353 4.5141 0.3202 1.7418 0.8893 3.4614 4.7793 2.3945 2.8696 3.2985 3.7145 2.7149 2.6047 4.5010 3.1297 4.2527
-0.8796 -0.9385 -1.3768 -0.8430 -0.1198 0.3016 -0.9125 0.7213 0.1477 -0.2839 0.7107 -0.7910 1.6386 -0.8206 -2.5743 -1.8315 -1.3015 -2.0402 -1.4918 -1.9219 -0.6167 -2.4933 -3.0693 -1.7913 -3.1606
-1.8724 -0.9385 -0.8782 -0.4087 -1.3926 -1.5616 0.1712 -0.8303 0.0240 -0.6322 0.1671 0.1703 1.6142 -3.1668 -5.6078 -4.3776 -5.2006 -4.7932 -2.9887 -3.5539 -2.4376 -3.4551 -5.3324 -3.6226 -4.1177
0.4950 1.0655 -0.8329 -0.1192 -1.0165 -0.6991 0.2486 -0.8303 -2.1369 -1.4160 0.0142 0.2460 1.0519 -1.5564 -2.2434 -2.1422 -3.1892 -2.1936 -2.6486 -1.7319 -1.9804 -2.3938 -3.3792 -1.6586 -1.9940
-0.9560 -0.9385 -0.8103 -0.5535 -0.3223 0.0185 -0.6802 -0.0545 0.0240 -0.8064 0.3064 -0.6290 1.6142 -1.5360 -3.1453 -2.5307 -2.5711 -2.8818 -2.1206 -2.1641 -1.1574 -2.7136 -3.3193 -2.1612 -3.2781
-0.4978 1.0655 -0.5383 0.8941 -1.1322 -1.0020 -0.4480 -0.8303 0.0240 0.4128 0.7995 -0.4332 1.6142 -0.6511 -1.4212 -1.2840 -1.4810 -0.7131 -1.1226 -0.8855 -0.5888 -1.1245 -0.6040 -1.3332 0.1192
-2.1016 -0.9385 -0.4930 -1.3497 -1.2190 -1.2653 0.2486 -0.8303 -0.3809 -1.0677 1.8217 0.2460 1.5302 -3.3068 -5.8436 -5.2623 -5.2393 -5.3980 -3.4638 -4.3762 -3.1636 -3.6522 -6.0581 -4.0345 -5.2419
-0.5742 -0.9385 -1.3994 -2.3631 -1.0455 -0.8703 0.0164 -0.8303 -0.7530 -0.1968 5.5841 0.0164 1.4462 -3.0275 -4.3152 -3.6913 -4.5965 -4.2415 -3.2530 -3.9427 -3.5552 -3.2310 -5.5216 -3.2234 -5.5121
0.6478 1.0655 0.6853 1.0389 -0.8430 -0.9164 -1.4543 0.7213 1.3248 0.0644 1.0793 -0.9932 1.8445 1.9294 0.5040 0.1937 0.5402 2.1571 -0.5756 1.1939 1.0981 0.9432 2.2188 0.2619 2.0780
-2.1779 1.0655 -0.9689 -0.5535 -0.5248 -0.5214 0.6356 -0.8303 -0.8369 -1.1547 0.3064 0.5937 1.4262 -1.3904 -2.8998 -4.1250 -2.3911 -3.1372 -2.3763 -2.6902 -1.9078 -2.6345 -3.9626 -2.4576 -2.8026
1.4115 1.0655 -0.6290 1.2078 -0.0041 -0.3305 1.5644 -1.0630 -0.8086 0.1515 1.4588 1.0000 1.4330 0.1363 2.4682 2.3616 0.0992 1.5811 1.0895 2.2945 0.3674 1.3978 1.5037 1.9804 2.7783
-1.1087 -0.9385 -0.2664 -1.2773 -0.0041 0.1699 0.2486 -0.0545 -0.5703 -1.0677 1.6316 0.2460 1.4883 -1.6229 -2.7131 -2.6083 -2.1347 -3.0340 -1.6206 -2.3414 -1.5855 -2.0520 -3.5974 -1.8518 -3.4652
-0.5742 1.0655 -0.3344 -0.6259 0.0827 -0.0145 0.8678 -0.8303 -0.4971 0.2386 0.3917 0.7629 1.5047 -0.1142 0.7057 -0.6872 0.2971 -0.1300 -0.0272 -0.4589 -0.8932 0.1888 -0.2489 -0.0508 -0.1417
-0.8033 1.0655 1.5010 -1.2050 3.2359 3.2773 0.0164 1.5126 1.0570 1.4578 1.4519 0.0164 1.8012 4.8422 7.5946 3.7042 9.7406 5.5996 5.0105 3.0558 3.2566 4.7228 6.8892 4.1137 3.7780
0.1895 -0.9385 -0.6516 0.4598 0.1695 0.1831 0.0938 -0.0545 0.1984 0.2386 0.2115 0.0936 1.6483 -0.6539 -0.2789 0.8358 -0.5221 -0.3982 0.4027 0.3663 0.3712 -0.4101 -0.3077 0.2036 -0.1087
0.2659 1.0655 0.0055 -0.2399 0.8348 1.2035 -0.8350 1.1790 0.5057 0.6740 0.0575 -0.7413 1.7058 2.7780 3.2184 1.7697 4.2185 3.1632 1.5331 1.5091 1.6484 1.6361 2.9710 1.6002 1.8972
1.4115 -0.9385 0.7759 -1.0602 -0.4958 -0.7255 1.0226 -0.8303 -0.5456 -0.8064 1.1240 0.8535 1.4939 -1.4953 -0.6730 -0.2159 -2.9208 -1.2141 -1.1052 -0.2756 -1.8680 0.3878 -1.3443 -0.0639 -1.2019
0.9532 -0.9385 0.8212 0.9665 0.1406 -0.5082 0.1712 -0.2640 1.3524 1.1965 0.9342 0.1703 1.8488 0.2663 1.5074 2.4935 0.5187 1.6908 1.7344 2.0392 1.1858 2.1329 2.9792 1.6231 2.4506
1.4115 1.0655 -0.3118 1.2319 -1.2480 -0.7255 -1.2995 0.2713 -0.1082 1.0223 1.5176 -0.9634 1.5876 0.7031 0.3136 1.4066 0.3004 1.7320 0.0055 0.6348 0.6128 0.1667 1.4917 0.0010 1.9214
0.5714 -0.9385 0.1414 0.7494 1.6738 1.4866 0.3260 0.7213 0.8551 0.2386 0.5616 0.3202 1.7673 1.5632 3.3258 3.3577 3.1446 2.4059 2.6945 2.9507 2.4580 2.0101 3.1213 2.7967 2.4277
1.1823 -0.9385 -1.4447 -1.4462 -0.0041 -0.0210 0.9452 -0.7915 -1.0167 -0.0227 2.0916 0.8106 1.3821 -1.8174 -0.5389 0.1572 -2.3734 -1.5041 -0.9398 -0.7085 -1.8678 -0.9713 -2.5114 -0.1491 -2.4098
0.7241 1.0655 -0.1985 1.2560 -0.7562 -0.1593 -1.6091 1.4971 0.2314 -0.4581 1.5776 -0.9993 1.6547 1.8935 0.0798 0.4969 0.9819 1.7709 -0.4907 0.9026 1.4667 -0.2179 0.8730 0.0295 1.5461
0.4950 -0.9385 0.4134 -0.2640 1.7605 0.8151 1.3322 -0.0545 1.3886 1.0223 0.0697 0.9717 1.8545 1.3203 4.0628 3.2450 2.8898 2.6279 2.9985 2.9902 1.5546 3.2960 3.6183 3.2366 2.3926
1.0296 1.0655 1.5690 1.4008 -0.2066 -0.0474 -0.9125 0.7213 0.7076 0.4128 1.9623 -0.7910 1.7418 2.3533 2.4904 2.1833 2.6956 3.3386 1.4500 2.2376 1.9425 2.4043 4.1558 1.5772 3.8599
0.6478 1.0655 -0.1758 0.0979 0.3141 0.5781 0.1712 -0.1709 -0.6208 1.1965 0.0096 0.1703 1.4769 0.9279 2.5818 2.0337 2.5655 2.0295 1.6776 0.9642 0.5680 1.3211 2.1996 1.2697 1.8925
-2.1779 1.0655 -0.4930 -0.4811 -1.8265 -1.4233 -0.3706 -0.8303 -1.6428 -1.5031 0.2315 -0.3622 1.2111 -2.6884 -6.0130 -6.0495 -4.6948 -5.0078 -4.1651 -4.8496 -3.0680 -4.4321 -6.0040 -4.6728 -4.4318
0.3423 1.0655 -0.9689 0.2427 -0.6983 -0.3371 -0.2158 -0.0545 -0.9247 -0.8935 0.0589 -0.2142 1.4049 -0.1204 -0.9266 -1.0556 -1.3517 -0.5643 -1.6448 -0.5187 -0.6378 -1.4282 -1.6965 -0.7863 -0.6521
-1.2615 1.0655 1.1385 -0.4087 -1.0455 -1.0283 0.4808 -0.8303 -0.9247 -0.1097 0.1671 0.4625 1.4049 -1.1394 -2.0090 -2.6507 -1.2819 -1.7639 -0.9407 -2.3223 -1.7325 -0.5344 -1.4755 -1.9331 -0.8573
-0.5742 -0.9385 -0.7423 -0.6259 -1.1901 -1.2324 0.6356 -0.8303 -1.0484 -2.7222 0.3917 0.5937 1.3741 -3.1962 -5.3725 -4.4777 -6.5944 -5.1723 -4.3065 -2.9275 -2.9405 -3.8004 -6.4579 -3.1008 -4.7123
0.8769 -0.9385 -0.6743 -1.3015 1.6738 1.0718 1.1774 -0.2097 0.9475 -1.2418 1.6938 0.9236 1.7830 0.8396 2.6995 1.0043 0.0560 0.7988 -0.1611 2.1626 0.0306 1.1798 0.3993 2.2554 -0.5469
-1.7197 -0.9385 -1.7167 -0.8430 0.0538 -0.3897 1.4870 -0.8303 -0.2293 -1.9385 0.7107 0.9965 1.5625 -2.4060 -3.4551 -3.6581 -4.3583 -4.2869 -2.6559 -1.9694 -2.0104 -2.9895 -5.4616 -1.8832 -4.0891
-0.8796 -0.9385 1.0025 1.2560 2.6862 2.6914 -0.5254 2.2729 1.3433 0.8482 1.5776 -0.5016 1.8474 3.3080 4.3163 4.0925 7.2738 3.8120 4.9333 3.2443 4.7044 2.7726 5.1966 3.2954 3.7541
-0.2687 -0.9385 1.2744 1.1113 1.0084 0.6176 -0.3706 0.7213 1.4761 0.1515 1.2349 -0.3622 1.8681 1.2977 1.5058 1.6901 2.2061 1.6033 1.9026 1.9232 2.2742 1.6658 2.9986 1.5268 2.1749
1.4115 -0.9385 1.1838 1.5456 -0.2933 -0.8242 -0.6802 -0.0545 1.5923 0.7611 2.3888 -0.6290 1.8859 0.4438 0.8471 2.2624 -0.2112 1.7595 0.9318 2.1499 1.4262 1.7737 3.1684 1.2903 2.6313
-1.1087 1.0655 2.0675 1.8351 1.2688 1.0257 -1.2221 2.2729 1.7764 0.8482 3.3676 -0.9398 1.9134 4.3937 3.6818 2.4583 6.9131 4.7469 3.7346 2.8978 4.4377 3.3350 6.1065 2.4258 5.1211
0.1132 -0.9385 1.2518 -1.1808 0.5166 1.1113 -0.9125 1.0704 -0.0887 -0.6322 1.3943 -0.7910 1.5915 0.4950 -0.0828 -0.1914 1.1164 -0.1377 -0.0096 -0.6895 0.0396 0.0874 -0.0043 -0.2506 -1.2547
1.7169 -0.9385 0.7079 0.1703 1.0952 1.1903 -0.3706 0.7213 0.7330 1.4578 0.0290 -0.3622 1.7462 1.5838 3.7693 4.3544 3.5613 3.3161 3.0286 2.6746 1.9986 2.8076 4.2568 2.7696 2.7329
0.6478 1.0655 1.1838 1.6180 1.0373 -0.2580 -0.7576 1.4971 2.5240 1.8932 2.6178 -0.6872 2.0181 4.4142 4.9393 3.8772 5.6674 6.1501 3.5061 4.3818 4.0473 4.5251 7.2360 3.7341 5.8871
0.0368 -0.9385 -1.3768 -0.1192 -0.1487 -0.4095 0.8678 -0.8303 -0.0695 0.1515 0.0142 0.7629 1.5954 -1.7683 -1.2080 -0.2078 -2.3855 -1.6666 -0.5432 -0.4103 -0.9313 -1.0978 -2.0357 -0.4041 -1.3883
-1.0324 -0.9385 3.3818 -0.9878 -0.6115 -0.4161 -0.9899 0.7213 0.5890 0.2386 0.9758 -0.8359 1.7208 -0.2205 -1.9649 -1.6968 0.3901 -0.8896 0.1829 -2.1175 -0.5703 0.8867 0.5174 -1.6633 -0.7733
-0.5742 1.0655 -1.1728 0.5322 -0.1487 -0.4951 1.1000 -0.8303 -0.1082 -1.0677 0.2833 0.8912 1.5876 -0.1925 -0.1818 -1.2648 -1.5671 -0.6979 -1.1928 0.3601 -0.4877 -0.7410 -1.3881 -0.0562 -0.0042
1.6406 1.0655 -0.5157 -0.8913 0.1406 1.1113 -1.4543 1.6988 -0.7806 1.1965 0.7944 -0.9932 1.4397 2.3548 2.6374 2.4440 3.9293 3.2032 1.2144 0.6447 0.9516 0.9918 1.9862 1.0847 1.0178
0.2659 -0.9385 -0.7649 0.8941 -0.2933 0.2719 -0.5641 0.1084 -0.9247 0.1515 0.7995 -0.5347 1.4049 -1.4620 -1.7677 0.4828 -1.0512 -1.3874 0.0050 -0.7715 0.1975 -1.8218 -1.4325 -0.8671 -0.8114
0.8769 -0.9385 -0.1758 -1.2050 0.1695 -0.6596 3.1899 -1.6061 -1.6869 -0.3710 1.4519 -0.0482 1.1979 -2.5836 -0.0490 0.4165 -2.7485 -1.8661 0.2910 -0.1655 -2.2170 0.6050 -2.2761 0.6872 -1.1536
1.0296 -0.9385 -0.8782 2.1970 0.7481 -0.5411 3.7317 -1.6061 -0.2714 0.3257 4.8269 -0.5564 1.5536 -1.3641 2.4782 3.9863 -0.9024 0.6948 3.0573 3.7309 1.1326 2.2122 1.2887 3.2851 3.6440
-0.3450 1.0655 2.6793 2.0522 0.3431 0.3674 -0.4480 0.7213 0.7330 0.0644 4.2117 -0.4332 1.7462 2.4675 2.5447 1.7942 3.8635 3.0249 2.5076 2.2385 2.7020 2.8208 4.8216 1.6475 4.6766
-1.5670 1.0655 -1.6260 -0.9878 -0.9876 -0.6860 0.0938 -0.8303 -1.5164 -0.3710 0.9758 0.0936 1.2481 -1.9973 -3.5586 -3.9565 -2.7871 -3.4047 -2.6955 -3.6096 -2.5366 -3.4053 -4.6858 -3.0946 -3.6967
0.7241 1.0655 0.5946 -0.6983 -0.9587 -0.2054 -1.0673 -0.0545 -1.2503 -0.4581 0.4876 -0.8759 1.3217 -0.1207 -0.9640 -1.3125 -0.7456 -0.4321 -1.7125 -1.5854 -1.3472 -0.8988 -0.8487 -1.3674 -1.0877
-0.7269 1.0655 -0.5383 -0.3605 0.0249 -0.0605 0.1712 -0.3260 0.3116 0.8482 0.1300 0.1703 1.6699 0.5846 0.8837 -0.3416 1.1149 0.6639 0.2905 -0.1580 -0.1724 0.3734 0.5747 0.0207 0.3641
-1.1087 1.0655 -1.3088 0.2427 -0.1776 -0.7716 2.5706 -1.6061 -1.8255 0.0644 0.0589 0.5404 1.1552 -1.9492 -0.7663 -1.0436 -1.5281 -1.8876 0.1829 -0.9302 -1.3846 -0.8552 -2.4464 -0.4267 -0.3612
1.2587 -0.9385 -0.0172 -1.7840 1.5870 1.6709 0.0938 0.7213 0.4914 0.5869 3.1827 0.0936 1.7032 1.4841 3.5365 2.6327 2.9585 2.2274 1.6695 1.6045 0.6079 2.0341 2.1159 2.2881 0.1435
1.3351 1.0655 1.8636 1.4732 0.4299 0.7887 -1.0673 1.4971 0.6160 1.5448 2.1703 -0.8759 1.7256 3.4878 4.5350 4.4151 5.8216 5.2765 3.7118 3.2067 3.2665 3.8405 6.3657 2.8612 5.4970
0.1895 -0.9385 -0.6743 -0.5535 0.8927 -0.2185 3.3447 -1.6061 -0.2502 -0.8064 0.3064 -0.2017 1.5581 -1.5698 1.1239 0.6029 -2.0890 -1.1456 0.5144 1.3199 -1.1003 1.0122 -1.2808 1.6144 -0.2299
0.1132 1.0655 0.6400 1.7627 -0.7851 -0.9954 0.3260 -0.8303 0.1817 0.3257 3.1072 0.3202 1.6451 0.0840 0.4216 0.5421 -0.3023 0.8182 0.4624 0.9986 0.4905 0.8981 1.6684 0.3274 2.6411
0.8005 1.0655 0.1868 0.8941 -0.9008 -0.4424 -0.8350 -0.0545 -0.3809 0.1515 0.7995 -0.7413 1.5302 0.4097 0.0505 0.3479 -0.0583 0.8331 -0.4227 0.1896 0.1531 -0.0608 0.8304 -0.2501 1.2243
0.2659 -0.9385 0.1414 -1.1808 -1.5951 -1.3970 -0.4480 -0.7915 -0.3809 -1.9385 1.3943 -0.4332 1.5302 -2.6480 -4.7856 -4.0203 -6.1460 -4.1194 -4.4446 -2.9477 -3.1777 -2.9085 -4.8707 -3.1222 -4.4024
1.5642 1.0655 -0.4250 0.9665 1.5580 0.6900 -0.7576 1.4971 2.2360 0.7611 0.9342 -0.6872 1.9791 4.6996 5.8111 4.0727 5.0307 6.1025 2.2598 5.0121 3.6822 3.5734 6.0162 4.2647 4.6501
0.3423 -0.9385 -0.5157 0.7494 -0.1487 -0.0671 -0.2932 -0.0545 0.3273 0.3257 0.5616 -0.2891 1.6728 -0.7275 -0.6829 0.7755 -0.8793 -0.4102 0.1594 0.2796 0.4065 -0.5629 -0.1869 -0.0633 0.0219
-0.1159 1.0655 -0.2438 0.2427 -0.4669 -0.3239 -0.4480 -0.0545 0.2314 1.4578 0.0589 -0.4332 1.6547 0.6726 0.7956 0.5581 1.4099 1.2970 0.7348 0.0160 0.2711 0.6016 1.4057 0.0045 1.2546
0.2659 -0.9385 0.5493 1.3284 2.6284 1.9277 1.3322 -0.0545 1.2104 -0.4581 1.7647 0.9717 1.8262 1.7927 4.8439 3.8105 3.5042 2.7118 3.2986 4.3703 3.0293 2.9058 4.3253 4.0681 3.5684
-0.7269 -0.9385 -1.2408 0.0255 -1.1322 -1.6406 1.4096 -1.6061 -0.4498 0.3257 0.0007 0.9870 1.5152 -3.4636 -3.5976 -1.8851 -4.6788 -3.6087 -1.3319 -2.0072 -2.1877 -2.0183 -3.8748 -1.9549 -2.3135
1.4115 1.0655 -0.7649 -1.7840 -0.1487 0.4135 -1.1447 0.7213 0.0240 0.6740 3.1827 -0.9106 1.6142 1.7389 1.8700 0.5975 1.5905 2.0864 -0.6706 0.0715 -0.5521 0.5740 0.7912 0.4135 -0.4934
0.8005 1.0655 -0.5157 0.0979 -0.5537 -0.5543 0.3260 -0.8303 -0.3363 -0.5452 0.0096 0.3202 1.5398 -0.0303 0.3883 -0.3530 -1.4017 0.1554 -1.2736 0.3861 -0.8482 -0.1250 -0.3191 0.0819 0.2473
0.1895 1.0655 0.3907 0.8218 0.3720 0.2226 0.4034 -0.0545 0.3428 -0.3710 0.6753 0.3925 1.6757 1.5041 2.2406 1.0046 1.5459 1.8497 0.7700 1.8558 1.0562 1.4707 2.1341 1.4612 2.3761
-1.9488 1.0655 -1.8979 -1.2050 -0.5248 -0.6399 -0.1384 -0.0545 0.5057 0.0644 1.4519 -0.1380 1.7058 -0.1536 -2.0124 -3.4370 -1.1982 -1.5798 -2.1152 -2.1841 -1.4193 -2.0351 -3.0319 -2.0291 -2.6905
1.4878 -0.9385 -0.1078 -0.1192 1.8473 2.1647 0.2486 0.7213 -0.1880 0.5869 0.0142 0.2460 1.5711 1.3962 4.1258 4.2597 3.8112 2.6645 2.9782 2.6432 1.9260 2.0120 3.0373 3.0271 1.8684
-0.3450 -0.9385 -1.1048 -0.6983 -0.9297 -0.7650 0.4034 -0.8303 -1.4366 -0.6322 0.4876 0.3925 1.2707 -3.1897 -4.1258 -2.5337 -4.3599 -4.0435 -2.3004 -2.9343 -2.4259 -3.1426 -4.8919 -2.5736 -3.8448
0.8769 1.0655 -0.4704 0.6046 -1.3926 -0.9493 -1.2995 -0.0545 0.0602 -1.1547 0.3655 -0.9634 1.6214 0.2050 -1.5254 -1.5434 -2.5074 -0.3096 -2.8731 -0.3356 -0.6787 -1.4844 -1.1535 -1.2275 -0.4708
0.2659 -0.9385 -0.4250 -0.3364 0.2563 0.4464 -1.6091 2.2729 1.2589 -0.4581 0.1131 -0.9993 1.8340 1.6890 -0.4022 0.2025 0.9983 0.9797 -0.3974 0.4825 1.3891 -0.3404 -0.1422 0.1066 -0.7229
-0.8033 -0.9385 -1.1502 -1.6392 -0.6983 -1.8184 2.9576 -1.6061 -0.4036 -0.1097 2.6871 0.1829 1.5253 -3.1834 -2.6780 -2.3401 -4.7074 -3.5207 -1.3161 -1.8428 -3.1525 -0.8182 -4.5885 -1.2444 -3.0234
0.9532 -0.9385 -0.1305 -0.3364 2.6284 2.6321 0.4034 0.7213 0.6819 -0.1097 0.1131 0.3925 1.7373 2.2018 5.0110 3.8124 4.2815 2.9663 2.7382 3.3675 2.3136 2.3316 3.4966 3.6288 1.8180
1.4878 1.0655 -0.3571 0.4598 0.9216 1.1838 0.7904 -0.0545 -1.4761 -0.3710 0.2115 0.7106 1.2596 1.1873 3.4336 2.6833 2.3228 2.1648 1.4395 2.1391 0.9503 1.2395 1.8493 2.3036 2.1645
-1.5670 1.0655 1.1611 -0.8430 1.1241 1.1179 -0.9125 1.4971 1.2875 -0.7193 0.7107 -0.7910 1.8386 3.1330 1.8103 -1.1640 3.8074 1.8805 0.3110 0.4075 1.3366 1.2210 1.9513 0.5397 0.5230
1.2587 1.0655 1.6143 0.5322 0.0249 0.3542 -1.1447 0.7213 0.6294 0.9353 0.2833 -0.9106 1.7280 2.5510 3.1901 2.4656 3.5124 3.7255 1.6709 1.9534 1.6094 2.7261 4.5782 1.6948 3.4337
1.5642 -0.9385 0.3907 1.3284 1.2977 0.9007 0.1712 -0.0545 1.2202 -1.2418 1.7647 0.1703 1.8278 1.2732 2.8951 2.6920 0.5136 1.9506 0.7284 3.6972 1.9676 1.6199 2.8591 2.8245 2.3619
0.1895 -0.9385 -0.4704 -0.6741 -1.0455 -1.4431 1.6418 -1.4897 -1.3227 -0.8064 0.4545 0.9975 1.3022 -3.4090 -3.3510 -2.0203 -5.1399 -3.7147 -1.9859 -2.0113 -2.8161 -1.7715 -4.3138 -1.7190 -2.8396
-1.4906 -0.9385 1.9542 0.2668 0.4299 0.8941 0.0164 0.0076 -1.1467 -0.0227 0.0712 0.0164 1.3489 -1.3342 -1.4616 -0.5832 0.9972 -1.8464 1.3893 -1.7737 0.1520 -0.4750 -0.2624 -1.0970 -0.5269
0.4950 1.0655 -0.6516 -0.1192 -0.3512 0.3740 -0.6802 -0.0545 -1.5576 -0.7193 0.0142 -0.6290 1.2362 -0.1448 -0.5564 -0.8001 -0.4302 -0.5333 -1.3791 -0.9821 -0.6919 -1.5993 -1.3230 -0.8553 -1.0177
-1.1087 1.0655 0.8212 -0.8430 -0.1198 -0.2712 0.2486 -0.8303 0.3428 0.0644 0.7107 0.2460 1.6757 0.1970 0.1979 -1.8225 0.1699 -0.2620 -0.5989 -0.9362 -1.0660 0.4761 0.3042 -0.6436 -0.3055
1.4115 -0.9385 -1.2861 -0.8430 -0.5537 -0.5148 0.7130 -0.8303 -1.1806 -1.2418 0.7107 0.6541 1.3401 -2.2264 -1.9454 -0.8572 -4.2879 -2.4259 -2.3668 -0.8904 -2.1318 -1.9056 -3.6636 -0.8171 -2.8275
0.0368 -0.9385 -0.1758 -1.3497 -0.8140 -0.5148 0.0938 -0.8303 -1.3599 -1.1547 1.8217 0.0936 1.2920 -2.8071 -3.6874 -2.8370 -4.2631 -3.8331 -2.7916 -2.9779 -2.8011 -2.6677 -4.4091 -2.5010 -4.1264
0.4950 1.0655 -0.7876 -0.9878 -1.9133 -1.5879 -0.6802 -0.8303 -0.6465 -0.2839 0.9758 -0.6290 1.4710 -1.3123 -2.8153 -2.9059 -3.8037 -1.8529 -3.4719 -2.4307 -2.7582 -2.0558 -3.0573 -2.5060 -2.5512
0.8005 1.0655 -0.2891 -0.3364 -0.7562 -0.4621 -0.2932 -0.0545 -0.5456 -0.0227 0.1131 -0.2891 1.4939 0.3184 0.0980 -0.2680 -0.4340 0.4825 -0.9372 -0.2645 -0.7412 -0.1096 -0.2877 -0.3081 -0.0128
0.3423 -0.9385 1.5463 -0.8672 -0.0908 -0.2844 -0.2932 -0.0235 0.9018 0.9353 0.7520 -0.2891 1.7753 -0.0626 0.2709 0.4717 0.3169 0.4463 0.6462 -0.1698 -0.3310 1.4899 1.4429 0.1148 0.0882
-0.0396 1.0655 -0.5157 1.1113 0.5745 0.6307 0.6356 -0.0545 -0.4498 0.7611 1.2349 0.5937 1.5152 1.0157 2.4577 2.0726 2.6672 1.8713 2.1041 1.5858 1.4262 1.1034 2.0614 1.5497 2.6092
0.2659 -0.9385 0.7079 0.7011 0.6324 0.5715 -0.0610 0.1860 0.6558 0.5869 0.4916 -0.0610 1.7327 0.3353 1.2726 1.9613 1.4333 1.0284 1.7664 1.3124 1.3247 1.2284 2.1123 1.1865 1.5432
1.5642 -0.9385 0.7306 1.9799 1.2109 0.4266 0.4808 -0.0545 1.5516 -0.4581 3.9199 0.4625 1.8797 1.4429 3.3734 3.6433 1.1480 2.7525 1.8747 4.3811 2.6249 2.6066 4.0986 3.3979 3.8133
0.8769 1.0655 -0.8103 1.1113 1.6159 2.4478 -0.8350 1.4971 -0.4733 -0.2839 1.2349 -0.7413 1.5100 3.1157 4.2623 3.3770 5.1065 3.6062 2.1604 2.8996 3.0642 0.9659 3.2130 2.6740 2.8644
-0.1923 1.0655 -0.8329 -0.8430 -0.1776 0.3411 -1.3769 1.4971 0.3735 -1.4160 0.7107 -0.9813 1.6815 1.9083 -0.4170 -1.8759 0.3619 0.4667 -2.1686 -0.4423 0.0380 -1.1778 -1.3312 -0.7410 -1.4137
0.1895 1.0655 -0.0398 0.4598 -0.8140 -0.5214 -0.1384 -0.8303 -0.8369 -0.2839 0.2115 -0.1380 1.4262 -0.6123 -0.7542 -0.9127 -1.2906 -0.6309 -1.1303 -0.7016 -0.8630 -0.8250 -0.6201 -0.8692 -0.0166
1.4115 1.0655 -0.6516 0.0979 0.5166 0.7492 -0.6028 0.7213 0.4914 1.7190 0.0096 -0.5670 1.7032 2.5167 4.0685 3.4177 3.9691 4.0512 2.1197 2.3653 1.6646 2.2370 3.8109 2.3371 2.8956
0.0368 -0.9385 -0.9689 -0.6983 -1.5372 -1.7130 0.9452 -1.4587 -1.2862 -1.6772 0.4876 0.8106 1.3121 -3.8517 -5.1107 -3.6612 -6.9674 -4.9746 -3.8692 -2.9408 -3.4320 -3.4014 -6.0855 -2.9481 -4.3705
-0.1923 1.0655 0.0281 -0.0468 1.6738 1.4734 0.7130 -0.0545 0.5616 1.7190 0.0022 0.6541 1.7159 2.3518 5.1570 3.1101 5.3513 3.6452 3.4856 2.4552 1.8393 3.0615 4.5495 2.9187 3.2950
-0.1159 -0.9385 1.3651 0.7494 -0.0330 0.3147 -0.2932 0.0153 -0.3809 0.6740 0.5616 -0.2891 1.5302 -0.8288 -0.5131 1.0050 0.6855 -0.3718 1.4936 -0.3727 0.5703 0.3100 0.9707 -0.2248 0.7500
2.0224 -0.9385 0.8439 -1.2050 0.9506 1.2759 -0.4480 0.7601 0.2639 0.4998 1.4519 -0.4332 1.6609 1.3550 3.1050 2.9844 2.4343 2.4178 1.4830 1.6589 0.6574 2.2063 2.6623 2.0711 0.8225
-1.5670 -0.9385 -0.4930 -0.1192 -0.4380 -0.2975 0.3260 -0.8303 -0.8086 -0.6322 0.0142 0.3202 1.4330 -2.7930 -3.8538 -2.8000 -3.1704 -3.9969 -1.5392 -2.7717 -1.5886 -2.8702 -3.9181 -2.5178 -3.1333
1.2587 1.0655 1.1158 1.1113 0.6902 0.4135 -0.2158 0.7213 1.1606 -0.0227 1.2349 -0.2142 1.8182 3.1948 4.2473 2.8933 3.4094 4.2648 1.7837 3.6421 2.3969 3.2426 4.8394 2.9768 4.3044
-0.4978 -0.9385 0.8439 -0.2640 -0.2066 -0.0210 -0.0610 -0.0545 -0.2502 -0.8064 0.0697 -0.0610 1.5581 -1.1808 -1.9596 -1.3574 -1.5288 -1.9175 -0.7777 -1.2972 -0.7270 -0.9120 -1.5777 -1.1871 -1.5239
0.1895 -0.9385 -0.4250 -1.1326 0.6613 0.4332 1.1774 -0.8303 -0.2293 -0.0227 1.2827 0.9236 1.5625 -1.1092 0.4767 0.2441 -0.8314 -0.9454 0.1307 -0.0943 -1.0301 0.1159 -0.8972 0.4410 -1.2872
0.3423 1.0655 0.3001 0.0255 0.0249 -0.4490 -0.6802 0.7213 1.5761 0.8482 0.0007 -0.6290 1.8834 2.4765 2.1922 0.9002 2.2195 3.0124 0.5995 1.6226 1.1678 2.0274 2.9639 1.2658 2.1412
0.4187 -0.9385 -0.7196 1.1595 1.4134 1.5590 -0.1384 0.6903 0.5198 1.4578 1.3445 -0.1380 1.7083 1.0251 2.8589 3.9368 3.5767 2.2752 3.3067 2.3639 2.6590 1.2604 3.0013 2.3059 2.4145
1.8697 -0.9385 0.1414 0.5322 0.6324 0.1831 1.3322 -0.8303 0.1984 0.6740 0.2833 0.9717 1.6483 -0.1994 2.8152 3.5560 0.3242 1.6170 1.9832 2.6791 0.6372 2.2680 2.4099 2.5734 2.3033
0.4187 -0.9385 0.0961 0.9665 -0.3801 -1.1468 1.3322 -0.8303 0.6026 1.2836 0.9342 0.9717 1.7232 -1.1744 0.1431 1.7518 -1.0509 0.1602 1.5716 1.1094 0.2123 1.3511 0.9165 0.8577 1.6985
-0.4978 -0.9385 0.6400 -0.1192 1.7316 1.9343 -0.3706 1.4971 0.6948 0.0644 0.0142 -0.3622 1.7395 1.7925 2.2535 1.8688 3.9682 1.6794 2.3694 1.3706 2.2072 1.3176 2.2131 1.6371 1.0048
2.0224 -0.9385 1.0932 1.6662 1.1531 0.7690 -1.6091 2.9711 2.0739 1.2836 2.7763 -0.9993 1.9564 4.0788 4.2084 5.5833 5.5046 5.8239 3.8517 4.6408 4.7973 3.8032 6.3024 3.8700 5.0441
0.4950 1.0655 1.2971 1.3043 0.5166 -0.7584 -1.9187 3.2659 2.8045 1.7190 1.7012 -0.9401 2.0547 5.3982 3.4757 2.9772 6.0378 6.4515 2.8720 3.6426 4.5168 4.0365 6.4327 2.9040 5.1748
1.4878 1.0655 -0.1531 1.0389 1.2688 -0.0935 -1.1447 2.2729 2.7125 1.1965 1.0793 -0.9106 2.0428 5.2569 5.2481 3.9262 5.3244 6.6934 2.3919 4.9795 4.1549 3.9449 6.3415 4.1683 4.9519
0.6478 -0.9385 0.1188 0.2427 1.6448 1.6380 -0.9125 2.2729 1.3886 0.4128 0.0589 -0.7910 1.8545 2.9551 3.2352 3.3177 4.5224 3.4431 2.5996 2.8143 3.1784 2.0408 3.3981 2.6548 2.1219
-0.0396 -0.9385 1.1385 -1.3980 1.5291 1.1903 -0.9125 1.7842 1.7764 1.0223 1.9543 -0.7910 1.9134 2.5965 2.7309 1.7182 4.3186 2.8157 2.1058 1.2750 1.7538 2.5195 3.2879 1.7811 0.7445
0.9532 1.0655 -0.1758 -0.6983 -0.1487 0.0250 -0.8350 0.7213 0.6294 0.5869 0.4876 -0.7413 1.7280 2.0145 1.9658 0.8460 1.7826 2.4554 -0.0107 0.9029 0.3301 1.2488 1.7620 0.8274 0.9652
1.5642 -0.9385 2.4074 0.6046 0.5166 0.5254 0.4034 -0.0545 -0.0128 -0.1097 0.3655 0.3925 1.6069 0.4244 2.2814 2.8601 1.3235 1.6490 2.0227 2.0508 1.0190 2.6716 3.2305 1.9928 2.5988
-0.8033 -0.9385 1.4104 -1.2773 -0.6115 -0.4885 -0.2158 -0.0545 -0.0315 0.4128 1.6316 -0.2142 1.6031 -1.3574 -2.2775 -1.7441 -1.0855 -1.8711 -0.4281 -2.3980 -1.4718 -0.3176 -1.3387 -1.7986 -1.9813
-0.2687 1.0655 -1.1728 -0.0468 -0.5826 -0.6136 0.4034 -0.8303 -0.3585 0.9353 0.0022 0.3925 1.5350 -0.5102 -0.1223 -0.4242 -0.4958 -0.1806 -0.2693 -0.6040 -0.8333 -0.4631 -0.6005 -0.5051 -0.0532
0.1895 1.0655 0.6400 0.8941 -0.0619 0.7756 -1.3769 1.4971 -0.4971 0.3257 0.7995 -0.9813 1.5047 1.9377 1.1396 1.2852 3.3239 2.1075 1.2829 0.5169 1.7679 0.5385 2.0231 0.3707 1.9989
1.7169 1.0655 -0.5383 -0.7707 -1.4794 -0.9757 -0.8350 -0.0545 -0.8658 -0.1097 0.5939 -0.7413 1.4193 -0.1043 -0.8208 -0.6625 -1.8744 0.1126 -2.1737 -0.8890 -1.6165 -0.7582 -1.2427 -0.9784 -0.9644
0.6478 -0.9385 2.2035 1.6180 -0.2355 -0.2383 -1.2221 0.7213 1.2005 0.7611 2.6178 -0.9398 1.8246 0.7794 0.4345 2.0225 1.3398 1.6724 1.6936 1.3704 1.9489 1.7516 3.4317 0.7425 2.7558
0.5714 1.0655 -0.1305 0.6046 -0.3512 -0.0342 -1.2221 0.7213 0.6160 0.6740 0.3655 -0.9398 1.7256 1.7695 1.2882 1.0031 1.7715 2.2265 0.3113 0.9711 1.1049 0.7052 2.0360 0.5158 1.7448
-1.2615 1.0655 -0.9915 -0.4811 -1.5083 -1.2127 -0.1384 -0.8303 -1.3227 -1.1547 0.2315 -0.1380 1.3022 -2.0455 -4.3145 -4.4824 -4.0076 -3.6627 -3.5454 -3.4696 -2.6123 -3.4934 -4.8422 -3.4028 -3.4628
0.1132 -0.9385 -1.0142 -0.2640 0.0249 -0.1395 1.3322 -0.8303 -1.0806 -1.2418 0.0697 0.9717 1.3659 -2.1514 -1.7338 -0.9444 -3.1581 -2.6184 -1.2272 -0.7361 -1.3650 -1.6661 -3.2933 -0.5914 -2.1403
-0.4214 -0.9385 1.7956 -0.7707 1.9341 1.8816 -1.2995 3.0487 1.7018 1.1094 0.5939 -0.9634 1.9024 3.7639 3.4117 2.7419 6.8152 3.9394 3.6768 1.8372 3.3486 3.1811 4.5231 2.3321 2.0827
0.4187 1.0655 -0.2664 1.4732 -0.2355 0.1501 -0.8350 0.7213 0.1132 0.0644 2.1703 -0.7413 1.6318 1.5203 1.0725 1.2068 1.5882 1.8545 0.5453 1.3246 1.5851 0.3035 1.6505 0.6625 2.2151
-1.3379 -0.9385 -0.6970 -0.6983 0.0249 0.5056 -0.5254 -0.0545 -0.4733 -1.2418 0.4876 -0.5016 1.5100 -1.6869 -3.2371 -2.9016 -2.2921 -3.3890 -2.0986 -2.5268 -1.2205 -3.0824 -3.7789 -2.3035 -3.7414
0.5714 -0.9385 -0.1531 -1.0602 1.5870 1.1903 0.7130 -0.0545 0.9133 0.3257 1.1240 0.6541 1.7772 0.8831 3.0163 1.9678 1.8099 1.4755 1.4097 1.7995 0.5736 1.7893 1.8419 2.1789 0.3865
-0.3450 -0.9385 -0.2891 2.7761 -0.2066 -0.0803 0.4034 -0.8303 -0.7530 -0.6322 7.7066 0.3925 1.4462 -2.1022 -1.9658 0.4954 -2.0892 -2.0003 0.3601 0.2596 0.8830 -1.7118 -0.9842 -0.4697 0.7877
0.6478 1.0655 1.2518 1.1837 -0.4669 0.0250 -0.6802 -0.0545 -0.5212 -0.3710 1.4011 -0.6290 1.4994 0.7496 0.7219 0.5904 0.7781 1.0955 0.1410 0.6270 0.6226 0.5862 1.7857 0.2166 1.9837
1.1823 1.0655 0.4587 1.1837 -0.1487 0.3806 -0.6802 -0.0545 -0.4971 0.4998 1.4011 -0.6290 1.5047 1.0516 1.9810 2.0439 1.8003 2.0879 1.0081 1.3475 1.0614 0.9861 2.6586 1.0336 2.5728
-0.4214 -0.9385 0.3907 1.9075 0.0827 0.1831 0.7904 -0.8303 -1.2152 0.1515 3.6385 0.7106 1.3310 -2.0860 -1.1705 0.9862 -0.7145 -1.6135 1.4761 -0.1516 0.5873 -0.7489 -0.3033 -0.1982 0.8568
-2.2543 -0.9385 -0.2438 -0.8430 1.0373 1.3549 -0.2932 0.7213 0.1477 -0.6322 0.7107 -0.2891 1.6386 -0.3044 -1.4565 -1.9334 0.8391 -1.9568 -0.0908 -1.7185 0.1296 -1.6491 -1.9555 -1.2012 -2.5268
1.7169 1.0655 -0.0625 -0.6983 0.8927 1.2167 -0.2158 0.7213 -0.0128 -0.0227 0.4876 -0.2142 1.6069 2.6690 4.2362 2.5045 3.2704 3.4849 0.9991 2.3495 0.9832 2.1501 2.8999 2.4581 1.9036
0.1132 1.0655 0.3680 0.6770 2.6862 2.6782 -0.4480 1.4971 1.3156 0.3257 0.4583 -0.4332 1.8430 4.7184 6.6685 3.9417 7.4889 5.4470 3.6246 4.3085 4.0195 3.4465 6.2143 4.2040 4.4221
0.8005 1.0655 -0.6290 -1.5669 -0.2644 -0.2646 0.0938 -0.0545 0.0780 -0.6322 2.4551 0.0936 1.6249 0.9175 0.8848 -0.9235 -0.6112 0.6487 -1.7211 0.0277 -1.3012 0.2460 -0.6825 0.1281 -0.9651
0.6478 -0.9385 -0.4250 -0.1192 -0.0908 -0.6201 1.6418 -0.8303 -0.2293 -0.0227 0.0142 0.9975 1.5625 -1.4593 -0.1767 0.7073 -2.0097 -0.8664 0.2307 0.4901 -0.8079 0.3731 -1.0466 0.5481 -0.1958
0.0368 1.0655 -1.2181 -0.9154 -2.0290 -0.9888 -2.0735 0.7213 -1.2862 -1.5031 0.8380 -0.8763 1.3121 -0.8567 -4.7219 -4.2822 -3.7010 -2.7250 -4.6967 -3.6236 -2.2862 -4.1463 -5.0439 -3.8118 -4.1711
-0.5742 1.0655 1.2744 2.2694 0.2563 -0.3700 -0.0610 -0.0545 1.4761 2.8511 5.1502 -0.0610 1.8681 1.9374 3.2525 3.2150 4.5262 3.8464 4.0912 2.4882 2.8863 3.4265 6.0100 2.0936 5.5792
-1.7961 1.0655 -0.8556 -0.6983 -1.7108 -1.4628 -0.1384 -0.8303 -1.2152 -0.8935 0.4876 -0.1380 1.3310 -2.2838 -4.9610 -5.1290 -4.1359 -4.0963 -3.6018 -4.1371 -2.9000 -3.6398 -5.2324 -3.9510 -3.8547
0.2659 1.0655 -1.5127 -0.9878 -1.0744 -2.0422 2.4932 -1.6061 -0.4265 -0.8064 0.9758 0.6039 1.5203 -1.3756 -0.9062 -2.0082 -4.1911 -1.4790 -2.2616 -0.3526 -2.7376 -0.2784 -3.2037 -0.3916 -1.2577
-1.1087 -0.9385 -1.1728 -0.7707 1.8762 -0.0671 0.1712 0.7213 2.7830 0.0644 0.5939 0.1703 2.0519 1.6942 1.1708 -0.4525 0.9576 1.1162 0.0182 1.6260 1.4058 0.7336 0.8882 1.5751 -0.6811
-0.4978 1.0655 0.9572 0.4598 2.3102 1.8684 0.0164 0.7213 1.5598 1.2836 0.2115 0.0164 1.8810 3.8950 6.0879 3.3595 6.9780 4.9142 3.9394 3.5269 3.2929 3.9183 6.4086 3.6795 4.4356
-1.5670 1.0655 -0.1985 0.3151 -0.7851 -0.4556 -0.2932 -0.0545 -0.6990 0.2386 0.0993 -0.2891 1.4588 -0.5585 -2.0024 -2.0419 -0.2104 -1.3084 -0.5552 -1.9942 -0.5234 -1.4643 -1.5203 -1.8789 -0.6941
-0.1159 1.0655 -0.6970 -0.3364 0.1695 0.3411 0.3260 -0.0545 -0.5954 -1.5901 0.1131 0.3202 1.4826 0.5375 0.2258 -1.2912 -0.5129 -0.3242 -1.4795 0.0115 -0.5084 -0.8130 -1.3435 -0.0784 -0.7545
-1.2615 1.0655 1.0478 0.3875 -0.3512 -0.6333 -0.3706 -0.0545 1.0463 -1.2418 0.1501 -0.3622 1.7995 0.9504 -0.7255 -2.4648 -0.5480 -0.1908 -1.4843 -0.2040 -0.0084 -0.0067 0.1641 -0.7629 0.2725
-0.4214 -0.9385 -1.7846 -0.5535 -0.7562 -0.7189 0.8678 -1.0863 -1.7320 -0.9806 0.3064 0.7629 1.1842 -3.5653 -4.2741 -2.6754 -4.9587 -4.5369 -2.5476 -2.8396 -2.5437 -3.6744 -5.6910 -2.5006 -4.1845
0.8005 1.0655 0.1188 0.6770 0.1406 0.3674 -0.5254 0.7213 0.3116 1.2836 0.4583 -0.5016 1.6699 2.0813 2.8660 2.5750 3.3657 3.2392 1.9766 1.8220 1.6633 1.9475 3.3447 1.6468 3.0183
0.3423 -0.9385 0.4360 0.4598 -0.2933 -0.2778 -0.1384 -0.0545 0.2800 0.8482 0.2115 -0.1380 1.6639 -0.6992 -0.4273 1.0274 -0.2687 -0.0672 0.8524 0.0807 0.2591 0.3669 0.5883 -0.0039 0.5127
0.8769 -0.9385 -0.1531 0.6046 -0.9008 -1.0152 1.1000 -1.6061 -1.5164 0.4998 0.3655 0.8912 1.2481 -3.1811 -1.9724 0.4129 -3.3343 -2.2592 -0.1094 -0.9759 -1.5006 -0.9543 -1.7731 -0.8025 -0.6384
0.4187 1.0655 2.2035 1.4732 -0.7562 -0.5609 -0.5254 -0.0545 0.0780 0.8482 2.1703 -0.5016 1.6249 0.9735 1.1661 1.3445 1.7664 1.9925 1.5081 0.8964 1.0371 2.0380 3.4477 0.5127 3.4739
-1.0324 1.0655 -0.5157 0.0014 -0.9876 -0.5938 -1.3769 0.5972 0.4036 0.2386 0.0000 -0.9813 1.6871 0.5043 -1.7946 -2.0875 -0.1874 -0.3675 -1.4060 -1.5577 -0.2519 -1.3927 -1.0482 -1.8200 -0.8673
0.0368 1.0655 -0.1305 -0.4087 -0.2066 0.1040 -0.8350 0.7213 0.3116 2.0673 0.1671 -0.7413 1.6699 1.5332 1.6561 1.2657 3.1398 2.3320 1.5197 0.0757 0.6594 1.2624 2.1828 0.3833 1.3955
0.7241 -0.9385 -0.8103 -0.2640 0.1984 0.1106 -0.1384 -0.0545 0.6558 2.0673 0.0697 -0.1380 1.7327 -0.2265 1.0793 2.2285 0.9360 1.0317 1.5583 0.6008 0.3851 0.8048 1.2989 0.8159 0.4715
-0.9560 1.0655 2.8833 -0.3364 0.8638 0.6702 -0.9125 1.4971 1.4931 1.0223 0.1131 -0.7910 1.8707 3.5618 3.2386 0.9814 5.7589 3.7547 2.6358 1.2078 2.1134 3.6298 5.1291 1.4951 3.1529
-0.1923 1.0655 3.5857 0.3151 0.6324 0.7097 -0.4480 0.7213 0.7076 0.6740 0.0993 -0.4332 1.7418 2.8294 3.5638 1.7637 5.0699 3.5458 2.8738 1.6157 1.8607 3.9538 5.5621 1.7881 4.0351
-0.3450 1.0655 0.0508 0.3151 0.4588 -0.2120 -0.5254 0.7213 1.7982 1.7190 0.0993 -0.5016 1.9167 2.6208 2.7230 1.4463 3.5297 3.4003 1.7851 1.7884 1.8352 2.3197 3.7503 1.5938 2.7452
-0.1923 -0.9385 0.7986 -0.8430 -0.5248 -0.0803 -0.9125 0.3334 -0.1082 0.5869 0.7107 -0.7910 1.5876 -0.9368 -1.8356 -0.7894 -0.5101 -1.1900 -0.2895 -1.8787 -0.7967 -0.6487 -0.8835 -1.4760 -1.6309
0.4187 -0.9385 -1.2181 -1.2050 -0.0330 -0.2646 1.5644 -0.8303 -1.2862 -1.5901 1.4519 1.0000 1.3121 -2.2609 -1.8881 -1.5126 -3.8433 -2.9385 -1.9896 -1.1225 -2.1967 -1.7933 -4.2342 -0.7462 -3.1872
1.1060 1.0655 -0.1985 1.0389 1.0663 -0.4029 -0.2932 0.7213 2.5091 -0.3710 1.0793 -0.2891 2.0161 3.7508 3.9925 1.9009 2.1526 4.4398 0.3799 4.3667 2.6096 2.7602 4.3759 3.3209 3.5624
-0.5742 1.0655 -0.4930 -0.3364 0.2852 0.2686 0.5582 -0.0545 -0.2293 -0.4581 0.1131 0.5296 1.5625 0.7150 0.8422 -0.6377 0.7393 0.3075 -0.1852 0.1205 -0.1394 0.0711 -0.2704 0.2349 0.0655
-1.5670 -0.9385 -0.2211 -0.1192 -1.3926 -1.1995 -0.0610 -0.8303 -0.8950 -0.0227 0.0142 -0.0610 1.4122 -3.4545 -5.3499 -3.4129 -4.1484 -4.5575 -1.9391 -3.8357 -2.1908 -3.2259 -4.5205 -3.5895 -3.4939
-2.2543 -0.9385 -0.7196 -1.4221 -1.3347 -1.4826 0.1712 -0.8303 -0.0128 -1.6772 2.0224 0.1703 1.6069 -3.2838 -6.4067 -6.1237 -6.1754 -5.8332 -4.4107 -4.4595 -3.4015 -4.1144 -6.7834 -4.3456 -5.8250
0.9532 1.0655 -0.0625 2.2694 0.7481 0.4727 0.5582 -0.0545 0.5890 0.4128 5.1502 0.5296 1.7208 2.1175 4.1024 3.6285 2.9438 3.6122 2.5084 3.9103 2.6758 2.4976 4.3373 3.1041 4.8666
-0.0396 -0.9385 1.4330 -0.1192 2.5127 2.7375 -0.5254 1.8229 0.9699 -0.0227 0.0142 -0.5016 1.7867 2.9931 4.2668 3.1854 5.9079 3.2176 3.3865 2.6412 3.1546 2.6687 4.3058 2.9558 2.2586
0.4187 1.0655 0.2094 0.3875 0.3141 0.9402 -1.2995 1.4971 0.1984 -1.3289 0.1501 -0.9634 1.6483 2.5545 1.3981 0.2365 2.0917 1.9244 -0.4514 1.1954 1.4554 0.2031 1.2066 0.6860 1.0509
0.3423 1.0655 0.0508 -0.1192 -0.1198 0.2291 -1.0673 0.7213 0.4771 -0.8064 0.0142 -0.8759 1.7006 1.7759 0.7894 -0.4994 0.7970 1.2869 -1.0806 0.5280 0.3961 0.0966 0.6949 0.1283 0.3494
-0.0396 -0.9385 -0.8103 0.4598 -2.2894 -2.4306 0.4808 -1.6061 -0.9856 0.4998 0.2115 0.4625 1.3899 -4.2596 -5.3530 -2.2750 -6.1454 -4.2401 -2.2214 -3.0035 -2.7233 -2.8445 -4.4765 -3.1548 -2.6247
0.3423 -0.9385 0.5493 1.2319 -1.2769 -0.9296 -0.2932 -0.7139 -1.0806 -0.5452 1.5176 -0.2891 1.3659 -2.6088 -3.4785 -0.9168 -3.5726 -2.7039 -1.2029 -1.5215 -0.9103 -1.9439 -2.1547 -1.8724 -0.9860
-1.4906 1.0655 -1.8753 -1.5669 -0.9008 -0.5411 -0.6802 -0.0545 -0.2714 -1.1547 2.4551 -0.6290 1.5536 -0.6967 -3.3247 -4.6693 -2.8125 -2.7924 -3.8789 -3.1451 -2.3307 -3.4101 -4.7382 -3.0209 -4.2737
1.0296 -0.9385 1.2744 -0.4811 -0.4958 -1.5287 -0.9125 -0.0545 2.1894 0.7611 0.2315 -0.7910 1.9726 0.3984 -0.1981 0.0237 -1.3310 1.0067 -0.7631 0.6301 -0.1830 1.5259 1.8427 0.2643 0.2396
0.1132 1.0655 -0.6063 -0.1916 -0.6694 -0.6070 0.1712 -0.8303 -0.3809 0.1515 0.0367 0.1703 1.5302 -0.3777 -0.2426 -0.8519 -1.0837 -0.3017 -1.0366 -0.5687 -1.0950 -0.4697 -0.6742 -0.5905 -0.2957
0.7241 1.0655 -0.6290 0.0979 1.9630 1.8289 0.7130 -0.0545 0.5057 -0.8064 0.0096 0.6541 1.7058 2.6957 5.1458 2.3594 3.3408 3.1543 1.2506 3.4626 1.6696 2.0252 3.1630 3.3022 2.4032
0.4950 1.0655 -0.4024 1.0389 -1.3347 -1.2851 0.0938 -0.8303 -0.5456 -0.2839 1.0793 0.0936 1.4939 -0.7548 -1.2083 -0.7451 -2.3105 -0.5574 -1.3579 -0.2404 -0.7702 -0.7982 -0.8922 -0.8181 0.4994
0.4187 -0.9385 -0.8556 -0.3364 -0.1776 -0.3700 1.1000 -0.8303 -0.6465 0.0644 0.1131 0.8912 1.4710 -1.9002 -1.0129 0.0892 -2.2451 -1.6112 -0.2916 -0.4907 -1.1596 -0.7317 -1.9414 -0.2632 -1.2753
-0.9560 -0.9385 0.3227 -1.5669 -1.0455 -0.3634 -0.6028 -0.0545 -2.1941 -1.5901 2.4551 -0.5670 1.0317 -3.1525 -5.7325 -4.4780 -4.1543 -5.1630 -3.2933 -4.8613 -2.9921 -4.0305 -5.9814 -4.0559 -5.5534
1.1060 1.0655 -0.5157 1.1837 -0.1487 -0.1066 -0.4480 -0.0545 0.5616 -0.8064 1.4011 -0.4332 1.7159 1.4211 1.5311 0.8318 -0.0685 1.7170 -0.7473 2.0425 0.8977 0.3932 1.4301 1.1059 1.8374
-0.1159 1.0655 0.0281 -1.7840 -0.2355 -0.3502 1.0226 -0.8303 -0.8658 -1.8514 3.1827 0.8535 1.4193 -0.3814 -0.5465 -2.8295 -2.1825 -1.4829 -2.5847 -1.2214 -2.4316 -0.6242 -2.5376 -0.8259 -2.2454
0.1895 1.0655 1.4557 1.2560 0.3720 -0.4885 -0.9899 0.7213 2.1716 1.5448 1.5776 -0.8359 1.9701 3.1304 3.1912 2.1178 3.8206 4.3050 2.1242 2.7119 2.6296 3.2969 5.6626 2.1333 4.3498
-0.4978 -0.9385 -1.4674 -1.3497 -1.2480 -1.0612 0.4034 -0.8303 -1.8740 -1.0677 1.8217 0.3925 1.1398 -3.7937 -5.4427 -3.8469 -5.6300 -5.1885 -3.4642 -4.0568 -3.3794 -4.1619 -6.6925 -3.5105 -5.4275
-0.8796 1.0655 -0.6290 -0.0468 0.4588 0.7690 0.2486 -0.0545 -0.8658 1.3707 0.0022 0.2460 1.4193 0.3871 1.2984 0.7257 2.7789 0.7630 1.7269 -0.3928 0.4276 0.1879 0.8235 0.2239 0.7523
-1.5670 -0.9385 -0.9689 -0.9154 -0.6115 -0.4885 0.3260 -0.8303 -0.8369 -0.4581 0.8380 0.3202 1.4262 -3.0176 -4.2867 -3.3905 -3.6830 -4.3772 -2.1176 -3.4293 -2.3107 -3.2347 -4.8326 -2.9549 -4.1946
0.7241 -0.9385 0.3907 1.1837 0.2563 -1.1468 -1.4543 1.4971 2.7348 0.1515 1.4011 -0.9932 2.0457 2.0275 0.2210 0.9823 0.2818 2.3207 -0.0245 2.3607 2.4248 1.2227 2.5667 1.3298 1.6572
-1.2615 -0.9385 0.0281 -0.6259 -0.1487 -0.4556 0.2486 -0.0545 0.6689 -1.1547 0.3917 0.2460 1.7350 -1.0527 -2.5381 -2.6357 -2.4578 -2.4184 -1.6918 -1.3851 -1.0013 -1.3417 -2.6535 -1.4559 -2.4102
-1.7961 1.0655 -0.6516 -0.4811 -1.3347 -1.1402 0.4034 -0.8303 -2.0274 -0.7193 0.2315 0.3925 1.0894 -2.4559 -4.4433 -4.3418 -3.2367 -3.9547 -2.5303 -3.9704 -2.5650 -3.3105 -4.9080 -3.4689 -3.3027
1.1060 -0.9385 -0.0852 -0.6500 -0.9876 -1.2258 -0.2932 -0.5433 0.7580 0.4998 0.4225 -0.2891 1.7506 -1.1447 -1.3233 -0.2878 -2.8102 -0.7085 -1.3284 -0.4837 -1.3469 -0.1359 -0.7979 -0.6744 -1.1479
0.2659 -0.9385 0.3227 -0.6983 0.8638 0.6768 -0.0610 -0.0545 0.9475 -1.4160 0.4876 -0.0610 1.7830 0.3501 0.5485 -0.4481 -0.7478 -0.2747 -1.0306 0.7428 -0.0911 0.1098 -0.0487 0.5873 -1.0276
1.2587 1.0655 0.4813 1.0389 0.3431 0.2489 -0.2932 -0.0545 0.8313 0.4128 1.0793 -0.2891 1.7632 2.1257 3.4786 2.4797 2.2744 3.3137 1.2170 2.8136 1.5716 2.3059 3.9826 2.2348 3.4619
-0.4978 -0.9385 0.9572 1.9075 -0.3801 -0.7452 1.4870 -0.8303 -0.7258 -0.1968 3.6385 0.9965 1.4526 -2.0700 -1.5662 0.4882 -1.6811 -1.6644 1.2427 0.1123 0.2947 0.0078 -0.5201 -0.1585 1.2690
0.3423 -0.9385 -0.9462 -1.2050 -0.7273 -1.1337 1.5644 -1.6061 -0.8950 0.8482 1.4519 1.0000 1.4122 -3.0380 -1.8562 -0.6718 -3.4801 -2.5202 -0.6993 -1.6942 -2.6108 -0.8572 -2.8769 -1.0483 -2.3053
2.3279 1.0655 -0.6970 -0.4811 -0.0908 0.4266 -1.2995 1.4971 0.3273 0.9353 0.2315 -0.9634 1.6728 2.8591 3.2324 2.8439 2.9441 4.0191 0.6991 2.0194 1.1682 1.7298 2.7099 1.8322 1.9224
-0.4214 -0.9385 2.0449 -0.1192 -0.1198 -0.5016 -0.4480 -0.0545 1.2969 0.8482 0.0142 -0.4332 1.8401 -0.0818 -0.3310 -0.0481 0.3222 0.1718 0.7753 -0.2352 0.1689 1.3876 1.7786 -0.1876 0.5626
-0.3450 -0.9385 1.1385 1.4732 -0.6983 -0.5872 0.1712 -0.8303 -0.5703 -0.1968 2.1703 0.1703 1.4883 -2.1319 -2.3465 -0.3838 -2.1238 -2.0651 0.0756 -0.8676 -0.2164 -0.8560 -0.7315 -1.1457 0.1459
1.0296 1.0655 2.5887 1.7627 -2.2026 -2.1212 -1.4543 -0.0545 0.7704 -0.6322 3.1072 -0.9932 1.7527 0.5789 -1.4805 -0.8953 -1.9958 0.8100 -1.6048 0.2849 0.0347 0.8536 1.7419 -0.9819 2.3451
-1.1851 -0.9385 -1.6940 -1.7840 -0.7851 -0.7781 0.7130 -0.8303 -1.1806 -2.8964 3.1827 0.6541 1.3401 -3.3717 -5.7034 -5.6121 -6.7207 -6.0081 -5.0522 -3.8737 -3.6853 -4.7513 -7.9664 -3.6203 -6.6005
0.5714 -0.9385 1.9542 -1.1084 0.1695 0.8348 -0.6028 0.4420 -1.0167 0.4128 1.2286 -0.5670 1.3821 -0.4431 -0.0180 0.6802 1.2736 -0.1903 0.9747 -1.1749 -0.4276 0.6278 0.6410 -0.3202 -0.6665
1.3351 -0.9385 -1.0595 2.2694 0.6613 0.4069 -0.3706 0.4963 1.2202 0.8482 5.1502 -0.3622 1.8278 0.9737 2.1332 3.9122 1.3456 2.4151 2.0421 3.3668 2.8344 1.0159 2.8930 2.3984 3.0805
-1.1087 1.0655 -0.2438 1.1837 1.1820 1.5327 -0.8350 1.4971 0.6426 -0.1097 1.4011 -0.7413 1.7303 2.8337 2.3358 1.1079 4.4440 2.4397 1.7344 1.6533 2.8438 0.6354 2.4762 1.3055 2.3000
-0.1923 1.0655 -0.5837 0.1703 1.0084 0.7822 -0.6028 0.7213 1.3886 -0.8935 0.0290 -0.5670 1.8545 2.7321 2.4164 0.1039 2.0600 2.2172 -0.3454 1.9807 1.5009 0.7066 1.8138 1.4463 1.1356
0.1132 -0.9385 1.2291 -0.9154 -1.5372 -1.5221 0.4034 -1.6061 -1.0806 -0.5452 0.8380 0.3925 1.3659 -3.4539 -4.0362 -2.8083 -5.0325 -3.8853 -2.4192 -3.0839 -3.2303 -1.6143 -3.3635 -2.7183 -3.0257
1.5642 -0.9385 1.7956 1.3284 0.3141 0.2752 0.3260 -0.0545 0.1305 1.8061 1.7647 0.3202 1.6352 0.3039 2.7525 4.4942 2.5400 2.5642 3.7179 2.3625 1.7882 3.1418 4.4442 2.3296 3.9402
-1.1087 -0.9385 -0.0172 -0.5535 0.2274 0.1501 1.0226 -0.8303 -0.7530 0.4128 0.3064 0.8535 1.4462 -2.0602 -1.4187 -0.8055 -0.9223 -2.2751 0.4711 -1.6325 -1.0666 -0.8290 -1.7616 -0.9379 -1.6250
1.7169 1.0655 0.1414 -0.0951 2.3102 2.4610 -0.6802 1.9316 1.1505 0.1515 0.0090 -0.6290 1.8165 5.1877 7.2403 4.6737 7.0221 6.3062 2.9812 4.7795 3.5441 3.8892 6.1130 4.6547 4.1974
-0.1159 -0.9385 0.1868 -1.0602 0.5456 0.9928 -0.9125 1.4971 0.3116 0.0644 1.1240 -0.7910 1.6699 0.8083 0.0219 0.2608 1.6488 0.3255 0.4608 -0.4296 0.5426 -0.0243 -0.1141 -0.0621 -1.0974
-0.5742 -0.9385 1.6823 2.0764 -0.0619 0.3806 -0.3706 0.0696 -0.6208 0.7611 4.3113 -0.3622 1.4769 -1.0218 -0.8794 1.4387 1.1534 -0.4662 2.3251 -0.1706 1.5000 0.1198 1.4848 -0.2742 1.8569
-1.1087 -0.9385 1.5010 -1.5669 -0.3223 -0.0276 0.0938 -0.4502 -0.9856 0.0644 2.4551 0.0936 1.3899 -2.0771 -2.6180 -2.2589 -1.2311 -2.8596 -0.5368 -3.1856 -2.0046 -0.9621 -2.1704 -2.1798 -2.8312
0.1895 -0.9385 -0.5157 -0.5535 2.0787 1.9804 1.4870 -0.0545 -0.4498 0.1515 0.3064 0.9965 1.5152 0.3248 3.1866 2.6404 2.6584 0.9375 2.5400 1.7115 0.9724 1.3094 1.2267 2.4094 0.6087
-0.4214 -0.9385 -1.1502 -1.1326 -1.3926 -1.2061 0.2486 -0.8303 -1.5576 -0.1097 1.2827 0.2460 1.2362 -3.6155 -4.9372 -3.0157 -4.7970 -4.4469 -2.5483 -3.8157 -3.0266 -3.4038 -5.4921 -3.2607 -4.4853
0.4950 -0.9385 -0.7649 0.0014 0.0249 0.7295 -0.9125 0.7213 -0.6990 1.2836 0.0000 -0.7910 1.4588 -0.5847 -0.4619 1.5341 1.0144 -0.0577 1.1020 -0.6614 0.4925 -0.8461 -0.2471 -0.3129 -0.5715
0.8005 1.0655 0.3454 0.4598 0.8348 0.9467 -0.9125 1.4971 1.0463 0.3257 0.2115 -0.7910 1.7995 3.5260 3.8370 2.4990 4.3412 4.1508 1.6992 2.7672 2.4688 2.3882 4.0366 2.3925 3.1561
-1.6433 1.0655 1.6370 1.1113 1.6448 1.3549 0.5582 -0.0545 0.8551 -0.1968 1.2349 0.5296 1.7673 2.2390 3.4206 0.9218 4.3411 2.1854 2.5194 2.0319 2.2584 2.3638 4.0284 1.9609 3.3396
0.1895 1.0655 -0.8329 0.6046 0.8059 1.5459 -1.5317 2.2729 0.3273 -0.9806 0.3655 -0.9992 1.6728 3.3007 2.0294 1.0466 3.5628 2.6596 0.3133 1.7097 2.4830 -0.0170 1.3774 1.1832 1.3115
0.0368 1.0655 0.2321 -0.4087 -0.3512 -0.0803 -0.9899 0.7213 0.5057 0.4998 0.1671 -0.8359 1.7058 1.5688 0.7725 -0.1519 1.5815 1.5388 -0.1128 -0.0146 0.2713 0.6383 1.1810 -0.0682 0.6115
-1.6433 -0.9385 -0.8556 -1.7116 -2.1158 -2.3714 0.4808 -1.6061 -0.4265 -1.0677 2.9297 0.4625 1.5203 -4.4359 -7.1741 -6.2558 -7.8070 -6.4567 -4.9035 -5.1309 -4.5982 -4.2574 -7.4696 -4.8870 -6.2752
0.6478 1.0655 -0.7196 0.9183 1.2109 1.4471 -0.6802 1.2101 0.7455 1.8061 0.8432 -0.6290 1.7484 3.2363 4.7885 4.0832 5.7577 4.6675 3.3303 3.0673 3.0841 2.4169 4.7916 2.9269 3.9255
-0.7269 1.0655 0.1188 -0.1192 -1.5372 -1.3180 -0.1384 -0.8303 -0.9549 0.6740 0.0142 -0.1380 1.3975 -1.4641 -2.4877 -2.1652 -1.7788 -1.6737 -1.1882 -2.4996 -1.7547 -1.2600 -1.7579 -2.2771 -1.0228
1.0296 1.0655 1.8636 1.8351 0.7481 0.4530 -0.5254 0.7213 1.3886 2.7640 3.3676 -0.5016 1.8545 3.4371 5.6161 5.2655 6.4466 6.0015 4.8798 3.9655 3.6358 4.9373 8.0187 3.6475 6.7277
-0.8796 -0.9385 -0.6970 -0.4811 0.9795 0.8743 1.1774 -0.5200 -0.5456 -0.8064 0.2315 0.9236 1.4939 -1.2419 -0.4464 -0.6106 -0.7334 -1.8840 0.0211 -0.4825 -0.4828 -1.0113 -1.9166 -0.0554 -1.6851
-0.1923 -0.9385 -1.1955 -1.0602 0.4588 0.9533 -0.6028 0.7213 -0.2085 -0.3710 1.1240 -0.5670 1.5668 -0.3543 -0.9759 -0.6023 -0.2332 -1.1469 -0.7611 -1.0415 -0.3229 -1.6597 -2.0802 -0.7111 -2.5254
1.4878 1.0655 -0.6516 0.4598 -0.7851 -0.9888 0.7130 -0.8303 -0.3144 -0.0227 0.2115 0.6541 1.5445 0.0457 0.9959 0.8429 -1.3345 0.9598 -0.5892 1.2008 -0.5721 0.6577 0.3541 0.7661 1.3306
0.1895 -0.9385 1.1611 -0.1192 1.2109 0.9402 -0.0610 0.4886 1.1707 2.2415 0.0142 -0.0610 1.8198 1.2716 3.1885 3.3435 4.1445 2.7306 3.6525 1.7025 1.8281 3.0024 4.3053 2.1541 2.4714
-0.5742 -0.9385 -1.2635 -0.6259 0.9795 0.4201 2.5706 -0.8303 -1.0806 -0.1968 0.3917 0.5404 1.3659 -1.7502 0.1266 0.3517 -0.8312 -1.6946 0.9957 -0.0527 -0.7604 -0.2967 -2.1937 0.6611 -1.1745
0.3423 -0.9385 0.0281 0.1703 0.1117 0.2291 0.6356 -0.8303 -0.9549 0.6740 0.0290 0.5937 1.3975 -1.7404 -0.3292 1.0367 -0.6120 -1.0434 0.9497 -0.4194 -0.4416 -0.2416 -0.3392 -0.0214 -0.2498
-0.2687 -0.9385 -0.4930 -0.8430 -0.3512 0.0975 -0.3706 -0.0545 -0.8086 -0.8064 0.7107 -0.3622 1.4330 -1.7390 -2.7824 -1.9018 -2.4227 -2.7235 -1.7878 -2.1702 -1.4499 -2.3519 -3.3004 -1.8779 -3.1784
-1.1851 -0.9385 -1.5580 -1.0602 -0.5248 -0.9888 1.9514 -1.6061 -1.2862 -0.9806 1.1240 0.9284 1.3121 -3.7586 -3.9935 -3.2951 -5.1655 -4.8752 -2.3242 -2.8427 -3.0408 -2.9744 -5.8284 -2.3128 -4.2625
0.8769 1.0655 0.4134 1.2560 -0.1198 -0.0540 -0.6028 -0.0545 0.6558 0.1515 1.5776 -0.5670 1.7327 1.5750 2.0457 1.4701 1.2808 2.3309 0.4675 1.9462 1.2382 1.3252 2.8809 1.2464 2.7515
-0.1159 1.0655 -0.3344 -1.4221 1.0373 1.6644 -0.6028 0.7213 -0.3809 0.9353 2.0224 -0.5670 1.5302 1.9057 2.8282 0.9821 4.1325 2.0444 1.2687 0.0547 0.4654 0.8719 1.7022 0.8748 0.1770
0.8769 1.0655 -0.3344 0.3633 -0.7851 -0.2910 -0.5254 -0.2329 -0.9856 0.3257 0.1320 -0.5016 1.3899 -0.0450 -0.0005 0.3070 -0.1822 0.4249 -0.4590 -0.2869 -0.3735 -0.4362 0.0631 -0.3672 0.4651
-0.9560 -0.9385 0.8212 0.0255 0.3431 0.3213 -0.6028 0.5584 0.9362 -0.5452 0.0007 -0.5670 1.7811 0.1242 -0.9886 -0.9321 0.0546 -0.7009 -0.1718 -0.3799 0.5128 -0.2945 -0.1078 -0.5184 -0.6745
-0.9560 -0.9385 -1.5354 -1.7116 1.7605 0.5846 3.6543 -0.8303 -0.0887 0.0644 2.9297 -0.4905 1.5915 -0.8401 1.9573 0.6653 0.2758 -0.7088 1.7220 0.8951 -0.7613 1.2245 -1.4776 1.8807 -0.9393
